0 1 car -1 -1 -1 356.05 511.02 454.96 600.84 -1 -1 -1 -1000 -1000 -1000 -10 0.82
1 1 car -1 -1 -1 363.46 509.89 455.85 596.55 -1 -1 -1 -1000 -1000 -1000 -10 0.81
2 1 car -1 -1 -1 364.24 512.18 454.11 596.94 -1 -1 -1 -1000 -1000 -1000 -10 0.87
3 1 car -1 -1 -1 359.17 510.93 453.93 596.52 -1 -1 -1 -1000 -1000 -1000 -10 0.80
4 1 car -1 -1 -1 359.58 511.76 453.39 596.85 -1 -1 -1 -1000 -1000 -1000 -10 0.83
5 1 car -1 -1 -1 359.70 513.40 453.15 598.82 -1 -1 -1 -1000 -1000 -1000 -10 0.84
6 1 car -1 -1 -1 359.32 512.54 452.53 597.84 -1 -1 -1 -1000 -1000 -1000 -10 0.88
7 1 car -1 -1 -1 352.52 513.40 446.50 599.34 -1 -1 -1 -1000 -1000 -1000 -10 0.85
8 1 car -1 -1 -1 344.78 514.10 443.80 598.23 -1 -1 -1 -1000 -1000 -1000 -10 0.79
8 2 car -1 -1 -1 416.90 536.45 449.72 570.62 -1 -1 -1 -1000 -1000 -1000 -10 0.30
9 1 car -1 -1 -1 338.21 517.88 436.57 601.05 -1 -1 -1 -1000 -1000 -1000 -10 0.77
9 2 car -1 -1 -1 420.72 535.86 457.72 570.29 -1 -1 -1 -1000 -1000 -1000 -10 0.66
10 1 car -1 -1 -1 340.15 519.53 432.17 602.82 -1 -1 -1 -1000 -1000 -1000 -10 0.80
10 2 car -1 -1 -1 423.97 539.13 460.78 573.27 -1 -1 -1 -1000 -1000 -1000 -10 0.54
11 1 car -1 -1 -1 334.40 517.91 424.76 601.26 -1 -1 -1 -1000 -1000 -1000 -10 0.69
11 2 car -1 -1 -1 426.80 535.32 460.17 567.35 -1 -1 -1 -1000 -1000 -1000 -10 0.43
12 2 car -1 -1 -1 427.04 539.00 459.91 571.61 -1 -1 -1 -1000 -1000 -1000 -10 0.63
12 1 car -1 -1 -1 329.83 518.48 417.75 601.26 -1 -1 -1 -1000 -1000 -1000 -10 0.60
13 2 car -1 -1 -1 426.40 541.11 458.33 571.65 -1 -1 -1 -1000 -1000 -1000 -10 0.61
13 1 car -1 -1 -1 315.67 520.52 410.42 600.15 -1 -1 -1 -1000 -1000 -1000 -10 0.44
14 2 car -1 -1 -1 425.13 542.58 456.20 572.21 -1 -1 -1 -1000 -1000 -1000 -10 0.53
15 2 car -1 -1 -1 422.43 543.58 456.25 573.55 -1 -1 -1 -1000 -1000 -1000 -10 0.58
16 2 car -1 -1 -1 425.95 541.53 455.15 570.97 -1 -1 -1 -1000 -1000 -1000 -10 0.57
17 2 car -1 -1 -1 433.07 543.04 468.75 574.09 -1 -1 -1 -1000 -1000 -1000 -10 0.56
18 2 car -1 -1 -1 446.87 547.46 478.71 575.54 -1 -1 -1 -1000 -1000 -1000 -10 0.62
19 2 car -1 -1 -1 460.18 538.52 492.27 567.78 -1 -1 -1 -1000 -1000 -1000 -10 0.61
20 2 car -1 -1 -1 480.08 539.85 513.41 570.95 -1 -1 -1 -1000 -1000 -1000 -10 0.70
21 2 car -1 -1 -1 498.21 540.77 531.18 569.70 -1 -1 -1 -1000 -1000 -1000 -10 0.62
22 2 car -1 -1 -1 511.47 537.30 545.97 568.56 -1 -1 -1 -1000 -1000 -1000 -10 0.48
23 2 car -1 -1 -1 519.64 540.11 552.25 570.37 -1 -1 -1 -1000 -1000 -1000 -10 0.63
24 2 car -1 -1 -1 521.90 531.94 559.77 565.45 -1 -1 -1 -1000 -1000 -1000 -10 0.74
25 2 car -1 -1 -1 525.04 537.22 564.89 569.20 -1 -1 -1 -1000 -1000 -1000 -10 0.50
26 2 car -1 -1 -1 535.85 530.46 575.98 565.94 -1 -1 -1 -1000 -1000 -1000 -10 0.74
27 2 car -1 -1 -1 544.87 533.87 591.88 572.00 -1 -1 -1 -1000 -1000 -1000 -10 0.74
28 2 car -1 -1 -1 551.09 523.09 599.60 566.19 -1 -1 -1 -1000 -1000 -1000 -10 0.67
29 2 car -1 -1 -1 549.96 516.18 604.31 560.62 -1 -1 -1 -1000 -1000 -1000 -10 0.73
30 2 car -1 -1 -1 549.75 521.19 606.93 566.01 -1 -1 -1 -1000 -1000 -1000 -10 0.76
30 3 car -1 -1 -1 390.55 523.63 455.74 559.69 -1 -1 -1 -1000 -1000 -1000 -10 0.56
31 2 car -1 -1 -1 548.02 520.39 601.18 564.31 -1 -1 -1 -1000 -1000 -1000 -10 0.76
31 3 car -1 -1 -1 364.07 518.35 421.56 558.06 -1 -1 -1 -1000 -1000 -1000 -10 0.51
31 4 car -1 -1 -1 442.65 524.04 498.61 554.08 -1 -1 -1 -1000 -1000 -1000 -10 0.53
32 2 car -1 -1 -1 539.73 522.39 602.86 564.67 -1 -1 -1 -1000 -1000 -1000 -10 0.61
32 4 car -1 -1 -1 410.23 517.22 468.84 555.52 -1 -1 -1 -1000 -1000 -1000 -10 0.58
32 5 car -1 -1 -1 487.57 532.37 514.11 551.08 -1 -1 -1 -1000 -1000 -1000 -10 0.38
33 2 car -1 -1 -1 532.54 522.15 589.90 567.57 -1 -1 -1 -1000 -1000 -1000 -10 0.73
33 5 car -1 -1 -1 459.10 518.46 506.57 551.01 -1 -1 -1 -1000 -1000 -1000 -10 0.64
34 2 car -1 -1 -1 501.43 515.24 547.76 550.47 -1 -1 -1 -1000 -1000 -1000 -10 0.55
34 6 car -1 -1 -1 524.85 525.45 585.92 568.43 -1 -1 -1 -1000 -1000 -1000 -10 0.51
34 7 car -1 -1 -1 367.48 522.31 427.43 560.84 -1 -1 -1 -1000 -1000 -1000 -10 0.50
35 6 car -1 -1 -1 519.48 516.56 589.96 567.59 -1 -1 -1 -1000 -1000 -1000 -10 0.78
35 8 car -1 -1 -1 417.14 519.64 476.58 554.87 -1 -1 -1 -1000 -1000 -1000 -10 0.50
35 9 car -1 -1 -1 607.19 519.73 638.76 543.10 -1 -1 -1 -1000 -1000 -1000 -10 0.36
36 6 car -1 -1 -1 517.90 523.24 591.33 571.05 -1 -1 -1 -1000 -1000 -1000 -10 0.64
36 10 car -1 -1 -1 479.22 525.52 520.36 548.42 -1 -1 -1 -1000 -1000 -1000 -10 0.49
37 6 car -1 -1 -1 517.92 512.37 589.12 566.31 -1 -1 -1 -1000 -1000 -1000 -10 0.71
37 11 car -1 -1 -1 681.49 517.07 727.80 541.61 -1 -1 -1 -1000 -1000 -1000 -10 0.51
37 12 car -1 -1 -1 628.34 514.02 663.60 536.58 -1 -1 -1 -1000 -1000 -1000 -10 0.32
38 6 car -1 -1 -1 518.71 517.19 587.34 569.01 -1 -1 -1 -1000 -1000 -1000 -10 0.77
38 13 car -1 -1 -1 571.74 516.76 608.60 545.09 -1 -1 -1 -1000 -1000 -1000 -10 0.41
38 14 car -1 -1 -1 384.63 515.79 436.79 548.96 -1 -1 -1 -1000 -1000 -1000 -10 0.37
38 15 car -1 -1 -1 459.12 517.84 506.69 543.76 -1 -1 -1 -1000 -1000 -1000 -10 0.32
39 6 car -1 -1 -1 517.81 520.70 585.13 574.46 -1 -1 -1 -1000 -1000 -1000 -10 0.76
39 14 car -1 -1 -1 376.01 519.43 433.90 556.21 -1 -1 -1 -1000 -1000 -1000 -10 0.59
39 13 car -1 -1 -1 574.41 515.35 608.83 547.35 -1 -1 -1 -1000 -1000 -1000 -10 0.35
39 16 car -1 -1 -1 609.74 519.28 641.58 541.36 -1 -1 -1 -1000 -1000 -1000 -10 0.41
39 17 car -1 -1 -1 506.31 531.51 530.78 551.43 -1 -1 -1 -1000 -1000 -1000 -10 0.31
40 6 car -1 -1 -1 512.80 512.54 585.44 569.68 -1 -1 -1 -1000 -1000 -1000 -10 0.72
40 17 car -1 -1 -1 490.51 518.01 525.56 543.01 -1 -1 -1 -1000 -1000 -1000 -10 0.47
40 18 car -1 -1 -1 427.97 513.27 486.34 550.19 -1 -1 -1 -1000 -1000 -1000 -10 0.67
41 6 car -1 -1 -1 511.60 513.23 585.89 575.37 -1 -1 -1 -1000 -1000 -1000 -10 0.82
41 17 car -1 -1 -1 480.52 520.84 521.40 548.64 -1 -1 -1 -1000 -1000 -1000 -10 0.54
41 19 car -1 -1 -1 591.30 518.52 626.61 540.09 -1 -1 -1 -1000 -1000 -1000 -10 0.46
42 6 car -1 -1 -1 509.92 515.26 580.39 574.35 -1 -1 -1 -1000 -1000 -1000 -10 0.78
42 19 car -1 -1 -1 574.65 517.70 610.08 541.77 -1 -1 -1 -1000 -1000 -1000 -10 0.59
42 20 car -1 -1 -1 620.76 521.02 656.98 541.58 -1 -1 -1 -1000 -1000 -1000 -10 0.60
43 6 car -1 -1 -1 503.48 515.40 578.60 578.52 -1 -1 -1 -1000 -1000 -1000 -10 0.76
43 19 car -1 -1 -1 567.00 517.14 605.82 543.12 -1 -1 -1 -1000 -1000 -1000 -10 0.65
43 20 car -1 -1 -1 611.33 519.97 650.53 542.05 -1 -1 -1 -1000 -1000 -1000 -10 0.46
43 21 car -1 -1 -1 387.06 517.61 454.67 558.84 -1 -1 -1 -1000 -1000 -1000 -10 0.65
44 6 car -1 -1 -1 499.76 510.98 575.22 572.32 -1 -1 -1 -1000 -1000 -1000 -10 0.89
44 21 car -1 -1 -1 436.46 511.57 494.57 548.55 -1 -1 -1 -1000 -1000 -1000 -10 0.80
44 20 car -1 -1 -1 600.58 511.84 642.31 539.65 -1 -1 -1 -1000 -1000 -1000 -10 0.67
45 6 car -1 -1 -1 494.50 494.96 569.26 557.42 -1 -1 -1 -1000 -1000 -1000 -10 0.84
45 20 car -1 -1 -1 600.57 500.67 639.61 525.93 -1 -1 -1 -1000 -1000 -1000 -10 0.40
45 22 car -1 -1 -1 486.80 500.33 523.46 526.15 -1 -1 -1 -1000 -1000 -1000 -10 0.58
46 6 car -1 -1 -1 494.58 509.76 569.76 573.28 -1 -1 -1 -1000 -1000 -1000 -10 0.84
46 20 car -1 -1 -1 596.35 512.87 636.93 539.41 -1 -1 -1 -1000 -1000 -1000 -10 0.49
47 6 car -1 -1 -1 502.63 510.56 580.67 577.15 -1 -1 -1 -1000 -1000 -1000 -10 0.86
47 20 car -1 -1 -1 580.28 506.35 622.70 533.90 -1 -1 -1 -1000 -1000 -1000 -10 0.44
48 6 car -1 -1 -1 503.17 527.93 579.89 593.25 -1 -1 -1 -1000 -1000 -1000 -10 0.86
48 23 car -1 -1 -1 594.02 530.37 647.31 565.56 -1 -1 -1 -1000 -1000 -1000 -10 0.40
48 24 car -1 -1 -1 295.19 507.93 442.32 625.21 -1 -1 -1 -1000 -1000 -1000 -10 0.36
49 6 car -1 -1 -1 489.80 511.42 568.80 576.83 -1 -1 -1 -1000 -1000 -1000 -10 0.77
49 24 car -1 -1 -1 301.51 494.97 447.91 613.23 -1 -1 -1 -1000 -1000 -1000 -10 0.57
49 23 car -1 -1 -1 581.58 517.57 626.92 544.12 -1 -1 -1 -1000 -1000 -1000 -10 0.44
49 25 car -1 -1 -1 645.40 508.08 681.82 530.15 -1 -1 -1 -1000 -1000 -1000 -10 0.41
49 26 car -1 -1 -1 616.91 519.00 650.16 539.56 -1 -1 -1 -1000 -1000 -1000 -10 0.31
50 6 car -1 -1 -1 479.06 528.69 554.76 595.94 -1 -1 -1 -1000 -1000 -1000 -10 0.68
50 24 car -1 -1 -1 317.29 512.48 456.17 622.23 -1 -1 -1 -1000 -1000 -1000 -10 0.56
50 23 car -1 -1 -1 565.34 539.65 613.67 570.27 -1 -1 -1 -1000 -1000 -1000 -10 0.35
51 24 car -1 -1 -1 334.98 507.49 463.04 613.10 -1 -1 -1 -1000 -1000 -1000 -10 0.82
51 6 car -1 -1 -1 467.74 523.33 546.65 584.23 -1 -1 -1 -1000 -1000 -1000 -10 0.80
51 23 car -1 -1 -1 555.36 534.04 589.12 555.10 -1 -1 -1 -1000 -1000 -1000 -10 0.34
52 24 car -1 -1 -1 348.58 505.92 471.71 604.08 -1 -1 -1 -1000 -1000 -1000 -10 0.88
52 6 car -1 -1 -1 468.19 519.18 545.50 580.77 -1 -1 -1 -1000 -1000 -1000 -10 0.79
53 24 car -1 -1 -1 360.03 505.16 483.35 603.52 -1 -1 -1 -1000 -1000 -1000 -10 0.90
53 6 car -1 -1 -1 467.75 517.60 545.57 577.24 -1 -1 -1 -1000 -1000 -1000 -10 0.73
54 24 car -1 -1 -1 374.93 502.48 491.77 594.58 -1 -1 -1 -1000 -1000 -1000 -10 0.91
54 6 car -1 -1 -1 482.51 512.07 553.11 571.31 -1 -1 -1 -1000 -1000 -1000 -10 0.67
55 24 car -1 -1 -1 388.15 509.74 502.80 596.00 -1 -1 -1 -1000 -1000 -1000 -10 0.86
55 6 car -1 -1 -1 492.32 517.47 556.43 571.72 -1 -1 -1 -1000 -1000 -1000 -10 0.78
56 24 car -1 -1 -1 404.05 509.71 512.88 592.02 -1 -1 -1 -1000 -1000 -1000 -10 0.91
56 6 car -1 -1 -1 506.45 518.21 564.08 567.32 -1 -1 -1 -1000 -1000 -1000 -10 0.78
56 27 car -1 -1 -1 386.48 514.01 434.41 559.60 -1 -1 -1 -1000 -1000 -1000 -10 0.63
57 24 car -1 -1 -1 420.15 511.62 521.53 590.65 -1 -1 -1 -1000 -1000 -1000 -10 0.91
57 6 car -1 -1 -1 516.57 520.64 572.16 567.85 -1 -1 -1 -1000 -1000 -1000 -10 0.63
58 24 car -1 -1 -1 436.71 515.71 537.46 591.08 -1 -1 -1 -1000 -1000 -1000 -10 0.91
58 6 car -1 -1 -1 532.14 521.97 581.25 566.23 -1 -1 -1 -1000 -1000 -1000 -10 0.34
58 28 car -1 -1 -1 370.31 514.31 428.51 564.30 -1 -1 -1 -1000 -1000 -1000 -10 0.70
59 24 car -1 -1 -1 459.26 521.57 550.94 591.70 -1 -1 -1 -1000 -1000 -1000 -10 0.89
59 6 car -1 -1 -1 550.40 528.72 598.78 571.08 -1 -1 -1 -1000 -1000 -1000 -10 0.66
59 28 car -1 -1 -1 357.80 524.28 404.57 563.03 -1 -1 -1 -1000 -1000 -1000 -10 0.34
59 29 car -1 -1 -1 440.31 524.72 481.41 564.22 -1 -1 -1 -1000 -1000 -1000 -10 0.63
60 24 car -1 -1 -1 475.37 517.29 562.72 584.28 -1 -1 -1 -1000 -1000 -1000 -10 0.91
60 29 car -1 -1 -1 407.93 520.21 463.73 556.92 -1 -1 -1 -1000 -1000 -1000 -10 0.46
60 6 car -1 -1 -1 580.13 527.71 615.12 561.24 -1 -1 -1 -1000 -1000 -1000 -10 0.37
61 24 car -1 -1 -1 486.85 526.39 571.16 587.86 -1 -1 -1 -1000 -1000 -1000 -10 0.76
61 30 car -1 -1 -1 468.66 537.92 499.70 562.99 -1 -1 -1 -1000 -1000 -1000 -10 0.56
62 24 car -1 -1 -1 487.99 521.64 573.65 585.63 -1 -1 -1 -1000 -1000 -1000 -10 0.93
63 24 car -1 -1 -1 490.13 520.19 572.73 580.99 -1 -1 -1 -1000 -1000 -1000 -10 0.89
63 31 car -1 -1 -1 404.92 514.41 464.65 559.64 -1 -1 -1 -1000 -1000 -1000 -10 0.61
63 32 car -1 -1 -1 565.52 531.58 594.17 554.40 -1 -1 -1 -1000 -1000 -1000 -10 0.33
64 24 car -1 -1 -1 484.57 521.73 569.98 584.42 -1 -1 -1 -1000 -1000 -1000 -10 0.78
64 31 car -1 -1 -1 450.65 522.15 502.16 560.97 -1 -1 -1 -1000 -1000 -1000 -10 0.57
64 33 car -1 -1 -1 316.17 514.29 421.03 581.87 -1 -1 -1 -1000 -1000 -1000 -10 0.42
65 24 car -1 -1 -1 477.77 522.15 563.68 583.12 -1 -1 -1 -1000 -1000 -1000 -10 0.76
66 24 car -1 -1 -1 472.88 521.93 561.78 586.83 -1 -1 -1 -1000 -1000 -1000 -10 0.89
67 24 car -1 -1 -1 466.74 521.16 557.13 587.07 -1 -1 -1 -1000 -1000 -1000 -10 0.91
67 34 car -1 -1 -1 571.93 527.61 608.65 554.98 -1 -1 -1 -1000 -1000 -1000 -10 0.45
67 35 car -1 -1 -1 332.80 515.69 429.35 579.69 -1 -1 -1 -1000 -1000 -1000 -10 0.41
68 24 car -1 -1 -1 464.57 519.25 557.22 586.98 -1 -1 -1 -1000 -1000 -1000 -10 0.81
68 35 car -1 -1 -1 339.05 516.68 432.85 578.80 -1 -1 -1 -1000 -1000 -1000 -10 0.45
69 24 car -1 -1 -1 460.28 521.90 554.07 589.04 -1 -1 -1 -1000 -1000 -1000 -10 0.91
69 35 car -1 -1 -1 346.58 518.82 440.27 578.83 -1 -1 -1 -1000 -1000 -1000 -10 0.57
70 24 car -1 -1 -1 454.02 520.28 551.38 591.60 -1 -1 -1 -1000 -1000 -1000 -10 0.86
70 35 car -1 -1 -1 358.44 519.67 440.59 580.49 -1 -1 -1 -1000 -1000 -1000 -10 0.72
71 24 car -1 -1 -1 447.25 520.27 551.60 597.25 -1 -1 -1 -1000 -1000 -1000 -10 0.81
71 35 car -1 -1 -1 362.96 519.93 444.91 581.28 -1 -1 -1 -1000 -1000 -1000 -10 0.65
72 24 car -1 -1 -1 437.82 519.22 548.23 598.50 -1 -1 -1 -1000 -1000 -1000 -10 0.77
72 35 car -1 -1 -1 359.74 524.57 440.22 581.06 -1 -1 -1 -1000 -1000 -1000 -10 0.49
73 24 car -1 -1 -1 426.40 514.62 540.58 595.81 -1 -1 -1 -1000 -1000 -1000 -10 0.90
73 35 car -1 -1 -1 358.53 518.67 441.12 576.65 -1 -1 -1 -1000 -1000 -1000 -10 0.47
74 24 car -1 -1 -1 417.10 510.51 534.32 595.77 -1 -1 -1 -1000 -1000 -1000 -10 0.85
74 35 car -1 -1 -1 351.42 514.43 446.52 572.91 -1 -1 -1 -1000 -1000 -1000 -10 0.39
75 24 car -1 -1 -1 409.65 521.72 529.31 609.11 -1 -1 -1 -1000 -1000 -1000 -10 0.82
76 24 car -1 -1 -1 404.90 515.03 523.78 598.08 -1 -1 -1 -1000 -1000 -1000 -10 0.87
76 36 car -1 -1 -1 341.23 518.73 443.09 576.58 -1 -1 -1 -1000 -1000 -1000 -10 0.32
77 24 car -1 -1 -1 396.19 515.89 521.62 605.88 -1 -1 -1 -1000 -1000 -1000 -10 0.92
78 24 car -1 -1 -1 396.68 511.75 519.28 601.76 -1 -1 -1 -1000 -1000 -1000 -10 0.83
79 24 car -1 -1 -1 389.37 514.46 518.14 607.54 -1 -1 -1 -1000 -1000 -1000 -10 0.90
80 24 car -1 -1 -1 381.90 512.84 513.89 608.92 -1 -1 -1 -1000 -1000 -1000 -10 0.88
81 24 car -1 -1 -1 375.58 511.96 507.47 609.63 -1 -1 -1 -1000 -1000 -1000 -10 0.85
82 24 car -1 -1 -1 371.47 514.03 496.68 616.07 -1 -1 -1 -1000 -1000 -1000 -10 0.82
82 37 car -1 -1 -1 553.48 542.41 594.27 575.33 -1 -1 -1 -1000 -1000 -1000 -10 0.54
83 24 car -1 -1 -1 365.73 507.46 489.54 611.05 -1 -1 -1 -1000 -1000 -1000 -10 0.81
83 37 car -1 -1 -1 535.21 532.39 582.48 573.52 -1 -1 -1 -1000 -1000 -1000 -10 0.55
84 24 car -1 -1 -1 362.06 507.25 483.66 611.79 -1 -1 -1 -1000 -1000 -1000 -10 0.87
84 37 car -1 -1 -1 519.28 532.86 570.40 573.75 -1 -1 -1 -1000 -1000 -1000 -10 0.63
85 24 car -1 -1 -1 356.85 510.33 477.94 612.92 -1 -1 -1 -1000 -1000 -1000 -10 0.80
85 37 car -1 -1 -1 509.59 537.60 555.50 576.14 -1 -1 -1 -1000 -1000 -1000 -10 0.61
86 24 car -1 -1 -1 357.85 509.38 474.80 612.47 -1 -1 -1 -1000 -1000 -1000 -10 0.84
86 37 car -1 -1 -1 497.70 535.37 548.98 577.58 -1 -1 -1 -1000 -1000 -1000 -10 0.69
87 24 car -1 -1 -1 352.03 504.75 469.05 607.17 -1 -1 -1 -1000 -1000 -1000 -10 0.87
87 37 car -1 -1 -1 488.23 532.06 539.42 573.92 -1 -1 -1 -1000 -1000 -1000 -10 0.71
87 38 car -1 -1 -1 533.84 544.02 564.59 566.62 -1 -1 -1 -1000 -1000 -1000 -10 0.33
88 24 car -1 -1 -1 351.58 509.32 467.79 611.84 -1 -1 -1 -1000 -1000 -1000 -10 0.80
88 37 car -1 -1 -1 481.74 531.99 528.46 576.73 -1 -1 -1 -1000 -1000 -1000 -10 0.73
88 38 car -1 -1 -1 529.49 542.25 559.66 568.86 -1 -1 -1 -1000 -1000 -1000 -10 0.65
89 24 car -1 -1 -1 352.30 512.79 471.06 609.17 -1 -1 -1 -1000 -1000 -1000 -10 0.85
89 37 car -1 -1 -1 473.24 534.59 521.29 578.83 -1 -1 -1 -1000 -1000 -1000 -10 0.65
89 38 car -1 -1 -1 517.90 543.15 552.55 571.11 -1 -1 -1 -1000 -1000 -1000 -10 0.48
90 24 car -1 -1 -1 355.34 509.38 476.29 609.91 -1 -1 -1 -1000 -1000 -1000 -10 0.87
90 37 car -1 -1 -1 467.18 532.25 514.62 575.39 -1 -1 -1 -1000 -1000 -1000 -10 0.67
90 38 car -1 -1 -1 508.89 541.24 545.68 570.81 -1 -1 -1 -1000 -1000 -1000 -10 0.65
91 24 car -1 -1 -1 363.71 509.87 479.70 610.34 -1 -1 -1 -1000 -1000 -1000 -10 0.87
91 37 car -1 -1 -1 463.87 534.25 512.35 578.35 -1 -1 -1 -1000 -1000 -1000 -10 0.72
91 38 car -1 -1 -1 505.09 544.14 537.82 573.25 -1 -1 -1 -1000 -1000 -1000 -10 0.47
92 24 car -1 -1 -1 365.41 513.02 476.96 610.41 -1 -1 -1 -1000 -1000 -1000 -10 0.84
92 37 car -1 -1 -1 454.73 536.37 502.64 578.34 -1 -1 -1 -1000 -1000 -1000 -10 0.52
92 38 car -1 -1 -1 494.08 544.27 527.43 573.99 -1 -1 -1 -1000 -1000 -1000 -10 0.50
93 24 car -1 -1 -1 360.11 508.65 470.30 603.48 -1 -1 -1 -1000 -1000 -1000 -10 0.82
93 37 car -1 -1 -1 478.80 539.29 511.77 566.85 -1 -1 -1 -1000 -1000 -1000 -10 0.67
93 39 car -1 -1 -1 441.61 532.60 488.12 573.87 -1 -1 -1 -1000 -1000 -1000 -10 0.42
94 24 car -1 -1 -1 357.83 514.61 466.21 603.68 -1 -1 -1 -1000 -1000 -1000 -10 0.81
94 37 car -1 -1 -1 463.79 538.23 500.14 570.49 -1 -1 -1 -1000 -1000 -1000 -10 0.62
95 24 car -1 -1 -1 360.05 516.68 461.66 604.15 -1 -1 -1 -1000 -1000 -1000 -10 0.84
95 37 car -1 -1 -1 451.04 538.24 489.88 573.20 -1 -1 -1 -1000 -1000 -1000 -10 0.38
96 24 car -1 -1 -1 358.33 513.40 463.57 600.05 -1 -1 -1 -1000 -1000 -1000 -10 0.81
96 37 car -1 -1 -1 431.52 534.90 473.71 572.98 -1 -1 -1 -1000 -1000 -1000 -10 0.37
97 24 car -1 -1 -1 360.11 513.81 460.45 599.33 -1 -1 -1 -1000 -1000 -1000 -10 0.79
97 40 car -1 -1 -1 475.75 543.70 502.01 564.64 -1 -1 -1 -1000 -1000 -1000 -10 0.39
98 24 car -1 -1 -1 361.06 513.72 460.92 599.26 -1 -1 -1 -1000 -1000 -1000 -10 0.89
98 40 car -1 -1 -1 460.47 541.84 491.53 563.97 -1 -1 -1 -1000 -1000 -1000 -10 0.34
99 24 car -1 -1 -1 363.81 512.36 461.46 596.02 -1 -1 -1 -1000 -1000 -1000 -10 0.81
100 24 car -1 -1 -1 367.63 516.01 463.43 595.70 -1 -1 -1 -1000 -1000 -1000 -10 0.63
101 24 car -1 -1 -1 366.73 512.72 469.49 597.40 -1 -1 -1 -1000 -1000 -1000 -10 0.80
102 24 car -1 -1 -1 372.42 513.93 470.72 595.31 -1 -1 -1 -1000 -1000 -1000 -10 0.69
103 24 car -1 -1 -1 367.54 514.41 468.01 595.77 -1 -1 -1 -1000 -1000 -1000 -10 0.87
104 24 car -1 -1 -1 366.59 511.42 466.51 594.67 -1 -1 -1 -1000 -1000 -1000 -10 0.81
105 24 car -1 -1 -1 367.44 514.81 463.50 596.04 -1 -1 -1 -1000 -1000 -1000 -10 0.85
106 24 car -1 -1 -1 369.00 516.14 461.18 594.21 -1 -1 -1 -1000 -1000 -1000 -10 0.82
107 24 car -1 -1 -1 364.35 513.46 460.34 593.63 -1 -1 -1 -1000 -1000 -1000 -10 0.83
108 24 car -1 -1 -1 363.63 518.73 460.03 599.81 -1 -1 -1 -1000 -1000 -1000 -10 0.82
109 24 car -1 -1 -1 363.18 512.64 457.75 594.88 -1 -1 -1 -1000 -1000 -1000 -10 0.86
110 24 car -1 -1 -1 365.00 515.69 456.01 595.26 -1 -1 -1 -1000 -1000 -1000 -10 0.87
111 24 car -1 -1 -1 362.02 512.90 459.40 595.11 -1 -1 -1 -1000 -1000 -1000 -10 0.87
112 24 car -1 -1 -1 363.70 513.84 457.85 596.09 -1 -1 -1 -1000 -1000 -1000 -10 0.89
113 24 car -1 -1 -1 358.77 512.57 454.18 594.96 -1 -1 -1 -1000 -1000 -1000 -10 0.81
114 24 car -1 -1 -1 358.57 513.89 447.78 595.04 -1 -1 -1 -1000 -1000 -1000 -10 0.79
115 24 car -1 -1 -1 351.99 513.22 443.32 595.12 -1 -1 -1 -1000 -1000 -1000 -10 0.80
116 24 car -1 -1 -1 343.27 518.59 441.35 601.24 -1 -1 -1 -1000 -1000 -1000 -10 0.71
117 24 car -1 -1 -1 326.98 515.62 436.03 594.65 -1 -1 -1 -1000 -1000 -1000 -10 0.64
118 24 car -1 -1 -1 324.02 512.12 436.83 596.25 -1 -1 -1 -1000 -1000 -1000 -10 0.64
119 24 car -1 -1 -1 325.26 511.28 435.56 599.64 -1 -1 -1 -1000 -1000 -1000 -10 0.73
120 24 car -1 -1 -1 328.82 512.59 433.00 599.34 -1 -1 -1 -1000 -1000 -1000 -10 0.69
121 24 car -1 -1 -1 326.36 509.95 433.76 598.54 -1 -1 -1 -1000 -1000 -1000 -10 0.64
122 24 car -1 -1 -1 319.24 510.55 430.91 599.74 -1 -1 -1 -1000 -1000 -1000 -10 0.63
123 24 car -1 -1 -1 314.19 514.70 423.72 596.13 -1 -1 -1 -1000 -1000 -1000 -10 0.44
132 41 car -1 -1 -1 331.72 516.59 429.31 590.45 -1 -1 -1 -1000 -1000 -1000 -10 0.34
139 42 car -1 -1 -1 325.39 517.96 436.25 592.04 -1 -1 -1 -1000 -1000 -1000 -10 0.45
140 42 car -1 -1 -1 350.05 514.86 446.57 594.64 -1 -1 -1 -1000 -1000 -1000 -10 0.80
141 42 car -1 -1 -1 366.30 514.97 453.34 595.23 -1 -1 -1 -1000 -1000 -1000 -10 0.88
142 42 car -1 -1 -1 369.99 515.04 463.61 597.42 -1 -1 -1 -1000 -1000 -1000 -10 0.88
143 42 car -1 -1 -1 373.77 513.62 474.43 597.63 -1 -1 -1 -1000 -1000 -1000 -10 0.92
144 42 car -1 -1 -1 377.15 511.42 483.38 595.70 -1 -1 -1 -1000 -1000 -1000 -10 0.90
145 42 car -1 -1 -1 384.61 511.92 494.88 595.99 -1 -1 -1 -1000 -1000 -1000 -10 0.91
146 42 car -1 -1 -1 400.70 511.42 513.19 597.30 -1 -1 -1 -1000 -1000 -1000 -10 0.92
147 42 car -1 -1 -1 428.95 511.92 539.79 595.35 -1 -1 -1 -1000 -1000 -1000 -10 0.90
147 43 car -1 -1 -1 410.18 534.77 436.95 558.43 -1 -1 -1 -1000 -1000 -1000 -10 0.41
148 42 car -1 -1 -1 460.07 514.86 581.64 598.63 -1 -1 -1 -1000 -1000 -1000 -10 0.90
148 43 car -1 -1 -1 409.73 534.31 434.92 560.14 -1 -1 -1 -1000 -1000 -1000 -10 0.60
149 42 car -1 -1 -1 495.35 514.00 637.21 603.90 -1 -1 -1 -1000 -1000 -1000 -10 0.92
149 43 car -1 -1 -1 411.43 535.82 435.26 560.48 -1 -1 -1 -1000 -1000 -1000 -10 0.63
149 44 car -1 -1 -1 367.99 533.66 392.16 554.26 -1 -1 -1 -1000 -1000 -1000 -10 0.31
150 42 car -1 -1 -1 534.56 510.95 697.78 607.99 -1 -1 -1 -1000 -1000 -1000 -10 0.92
150 43 car -1 -1 -1 413.25 534.83 434.75 559.22 -1 -1 -1 -1000 -1000 -1000 -10 0.43
150 44 car -1 -1 -1 367.23 532.58 391.71 556.09 -1 -1 -1 -1000 -1000 -1000 -10 0.36
151 42 car -1 -1 -1 583.44 509.01 768.53 608.90 -1 -1 -1 -1000 -1000 -1000 -10 0.78
151 44 car -1 -1 -1 366.58 531.17 392.11 555.94 -1 -1 -1 -1000 -1000 -1000 -10 0.41
151 43 car -1 -1 -1 413.79 532.74 433.69 555.78 -1 -1 -1 -1000 -1000 -1000 -10 0.34
152 42 car -1 -1 -1 640.03 507.95 829.25 612.83 -1 -1 -1 -1000 -1000 -1000 -10 0.96
152 43 car -1 -1 -1 412.54 535.56 434.75 559.11 -1 -1 -1 -1000 -1000 -1000 -10 0.39
153 42 car -1 -1 -1 702.05 507.17 896.78 615.20 -1 -1 -1 -1000 -1000 -1000 -10 0.95
153 43 car -1 -1 -1 412.60 534.88 435.00 558.43 -1 -1 -1 -1000 -1000 -1000 -10 0.32
153 45 car -1 -1 -1 368.52 531.70 393.98 557.31 -1 -1 -1 -1000 -1000 -1000 -10 0.51
154 42 car -1 -1 -1 754.66 502.32 968.20 618.36 -1 -1 -1 -1000 -1000 -1000 -10 0.96
154 45 car -1 -1 -1 375.96 530.79 396.97 555.32 -1 -1 -1 -1000 -1000 -1000 -10 0.41
155 42 car -1 -1 -1 816.92 507.30 1046.50 617.89 -1 -1 -1 -1000 -1000 -1000 -10 0.91
155 45 car -1 -1 -1 380.06 530.65 403.52 554.49 -1 -1 -1 -1000 -1000 -1000 -10 0.32
156 42 car -1 -1 -1 867.68 506.76 1116.42 624.46 -1 -1 -1 -1000 -1000 -1000 -10 0.94
157 42 car -1 -1 -1 919.68 506.32 1184.37 630.24 -1 -1 -1 -1000 -1000 -1000 -10 0.90
157 46 car -1 -1 -1 393.11 533.68 419.77 560.22 -1 -1 -1 -1000 -1000 -1000 -10 0.40
158 42 car -1 -1 -1 969.44 509.45 1255.33 636.44 -1 -1 -1 -1000 -1000 -1000 -10 0.94
159 42 car -1 -1 -1 1024.61 515.26 1202.80 630.47 -1 -1 -1 -1000 -1000 -1000 -10 0.81
159 47 car -1 -1 -1 367.16 530.92 402.21 571.03 -1 -1 -1 -1000 -1000 -1000 -10 0.52
159 48 car -1 -1 -1 407.63 537.35 437.94 562.88 -1 -1 -1 -1000 -1000 -1000 -10 0.45
160 47 car -1 -1 -1 367.76 532.86 408.64 572.33 -1 -1 -1 -1000 -1000 -1000 -10 0.62
160 48 car -1 -1 -1 419.45 541.08 449.10 565.81 -1 -1 -1 -1000 -1000 -1000 -10 0.39
161 47 car -1 -1 -1 375.34 531.29 414.91 571.11 -1 -1 -1 -1000 -1000 -1000 -10 0.57
161 48 car -1 -1 -1 429.10 542.26 457.66 566.52 -1 -1 -1 -1000 -1000 -1000 -10 0.35
161 49 car -1 -1 -1 868.49 383.48 1657.26 809.48 -1 -1 -1 -1000 -1000 -1000 -10 0.82
162 49 car -1 -1 -1 801.30 412.79 1351.99 733.12 -1 -1 -1 -1000 -1000 -1000 -10 0.92
162 47 car -1 -1 -1 385.27 536.76 420.33 573.97 -1 -1 -1 -1000 -1000 -1000 -10 0.68
162 48 car -1 -1 -1 438.08 546.05 467.04 571.41 -1 -1 -1 -1000 -1000 -1000 -10 0.35
162 50 car -1 -1 -1 1340.76 494.40 1724.49 673.97 -1 -1 -1 -1000 -1000 -1000 -10 0.64
163 49 car -1 -1 -1 758.69 436.11 1167.00 685.65 -1 -1 -1 -1000 -1000 -1000 -10 0.94
163 50 car -1 -1 -1 1406.97 478.02 1911.25 691.01 -1 -1 -1 -1000 -1000 -1000 -10 0.85
163 47 car -1 -1 -1 388.11 535.22 426.55 572.55 -1 -1 -1 -1000 -1000 -1000 -10 0.67
163 48 car -1 -1 -1 446.17 544.06 473.35 567.98 -1 -1 -1 -1000 -1000 -1000 -10 0.51
164 49 car -1 -1 -1 711.55 452.48 1034.89 667.54 -1 -1 -1 -1000 -1000 -1000 -10 0.94
164 50 car -1 -1 -1 1606.28 464.94 1903.69 692.65 -1 -1 -1 -1000 -1000 -1000 -10 0.75
164 47 car -1 -1 -1 392.65 536.79 430.87 573.60 -1 -1 -1 -1000 -1000 -1000 -10 0.73
164 48 car -1 -1 -1 450.99 545.41 480.40 571.67 -1 -1 -1 -1000 -1000 -1000 -10 0.34
164 51 car -1 -1 -1 425.24 541.24 448.28 565.99 -1 -1 -1 -1000 -1000 -1000 -10 0.32
165 49 car -1 -1 -1 674.57 458.24 937.73 650.28 -1 -1 -1 -1000 -1000 -1000 -10 0.95
165 47 car -1 -1 -1 395.44 534.06 435.09 571.45 -1 -1 -1 -1000 -1000 -1000 -10 0.67
166 49 car -1 -1 -1 644.15 465.90 862.21 631.99 -1 -1 -1 -1000 -1000 -1000 -10 0.95
166 47 car -1 -1 -1 400.44 532.93 436.22 568.50 -1 -1 -1 -1000 -1000 -1000 -10 0.54
166 52 car -1 -1 -1 462.22 541.71 494.43 568.56 -1 -1 -1 -1000 -1000 -1000 -10 0.41
167 49 car -1 -1 -1 621.14 475.93 803.64 620.77 -1 -1 -1 -1000 -1000 -1000 -10 0.93
167 47 car -1 -1 -1 402.08 535.06 442.83 573.24 -1 -1 -1 -1000 -1000 -1000 -10 0.74
167 52 car -1 -1 -1 467.94 543.19 502.71 569.34 -1 -1 -1 -1000 -1000 -1000 -10 0.32
167 53 car -1 -1 -1 443.88 540.91 469.55 566.16 -1 -1 -1 -1000 -1000 -1000 -10 0.31
168 49 car -1 -1 -1 603.73 483.28 760.27 614.89 -1 -1 -1 -1000 -1000 -1000 -10 0.94
168 47 car -1 -1 -1 406.43 538.61 444.52 573.42 -1 -1 -1 -1000 -1000 -1000 -10 0.57
168 52 car -1 -1 -1 475.23 543.54 510.55 570.34 -1 -1 -1 -1000 -1000 -1000 -10 0.40
169 49 car -1 -1 -1 586.29 489.54 723.88 605.85 -1 -1 -1 -1000 -1000 -1000 -10 0.91
169 47 car -1 -1 -1 410.78 536.72 446.10 568.74 -1 -1 -1 -1000 -1000 -1000 -10 0.61
169 52 car -1 -1 -1 485.12 540.76 517.03 567.05 -1 -1 -1 -1000 -1000 -1000 -10 0.40
170 49 car -1 -1 -1 572.52 497.03 695.70 603.40 -1 -1 -1 -1000 -1000 -1000 -10 0.94
170 47 car -1 -1 -1 411.89 535.81 448.15 571.00 -1 -1 -1 -1000 -1000 -1000 -10 0.71
170 52 car -1 -1 -1 491.12 541.70 524.59 571.23 -1 -1 -1 -1000 -1000 -1000 -10 0.59
171 49 car -1 -1 -1 557.27 501.47 670.16 599.32 -1 -1 -1 -1000 -1000 -1000 -10 0.89
171 47 car -1 -1 -1 411.81 535.66 448.50 572.34 -1 -1 -1 -1000 -1000 -1000 -10 0.75
171 52 car -1 -1 -1 499.54 542.92 529.68 569.14 -1 -1 -1 -1000 -1000 -1000 -10 0.52
172 49 car -1 -1 -1 545.89 503.82 648.87 595.36 -1 -1 -1 -1000 -1000 -1000 -10 0.94
172 47 car -1 -1 -1 413.55 538.77 447.46 572.80 -1 -1 -1 -1000 -1000 -1000 -10 0.64
172 52 car -1 -1 -1 506.03 543.54 536.24 570.86 -1 -1 -1 -1000 -1000 -1000 -10 0.49
172 54 car -1 -1 -1 478.08 542.93 499.51 566.49 -1 -1 -1 -1000 -1000 -1000 -10 0.34
173 49 car -1 -1 -1 536.37 505.74 632.14 592.19 -1 -1 -1 -1000 -1000 -1000 -10 0.93
173 47 car -1 -1 -1 413.50 536.22 448.40 570.62 -1 -1 -1 -1000 -1000 -1000 -10 0.59
173 54 car -1 -1 -1 479.68 540.45 502.36 565.80 -1 -1 -1 -1000 -1000 -1000 -10 0.48
173 52 car -1 -1 -1 512.46 543.32 541.14 568.26 -1 -1 -1 -1000 -1000 -1000 -10 0.35
174 49 car -1 -1 -1 523.22 511.64 619.03 595.08 -1 -1 -1 -1000 -1000 -1000 -10 0.87
174 47 car -1 -1 -1 413.80 542.95 447.67 574.31 -1 -1 -1 -1000 -1000 -1000 -10 0.54
175 49 car -1 -1 -1 519.77 511.49 605.33 589.11 -1 -1 -1 -1000 -1000 -1000 -10 0.92
175 47 car -1 -1 -1 415.95 539.27 447.50 569.58 -1 -1 -1 -1000 -1000 -1000 -10 0.48
175 55 car -1 -1 -1 483.51 541.16 506.73 565.34 -1 -1 -1 -1000 -1000 -1000 -10 0.35
176 49 car -1 -1 -1 515.39 512.81 595.66 582.76 -1 -1 -1 -1000 -1000 -1000 -10 0.92
176 47 car -1 -1 -1 416.29 538.42 449.30 567.66 -1 -1 -1 -1000 -1000 -1000 -10 0.42
177 49 car -1 -1 -1 509.68 518.41 588.66 587.64 -1 -1 -1 -1000 -1000 -1000 -10 0.90
177 47 car -1 -1 -1 416.77 540.91 449.60 572.10 -1 -1 -1 -1000 -1000 -1000 -10 0.55
178 49 car -1 -1 -1 509.51 518.23 581.04 584.64 -1 -1 -1 -1000 -1000 -1000 -10 0.76
178 47 car -1 -1 -1 421.41 539.33 449.46 569.52 -1 -1 -1 -1000 -1000 -1000 -10 0.54
179 49 car -1 -1 -1 504.42 519.92 577.16 586.06 -1 -1 -1 -1000 -1000 -1000 -10 0.81
179 47 car -1 -1 -1 426.49 541.06 454.29 570.61 -1 -1 -1 -1000 -1000 -1000 -10 0.60
179 56 car -1 -1 -1 563.29 544.12 597.04 573.42 -1 -1 -1 -1000 -1000 -1000 -10 0.56
179 57 car -1 -1 -1 484.13 539.54 508.67 567.92 -1 -1 -1 -1000 -1000 -1000 -10 0.40
180 49 car -1 -1 -1 501.67 521.78 571.47 583.85 -1 -1 -1 -1000 -1000 -1000 -10 0.86
180 47 car -1 -1 -1 433.82 541.89 461.41 570.13 -1 -1 -1 -1000 -1000 -1000 -10 0.60
180 56 car -1 -1 -1 565.11 543.30 604.52 573.94 -1 -1 -1 -1000 -1000 -1000 -10 0.47
180 57 car -1 -1 -1 482.99 540.49 507.15 566.39 -1 -1 -1 -1000 -1000 -1000 -10 0.39
181 49 car -1 -1 -1 502.56 520.23 567.40 582.07 -1 -1 -1 -1000 -1000 -1000 -10 0.70
181 47 car -1 -1 -1 439.92 541.11 467.35 568.08 -1 -1 -1 -1000 -1000 -1000 -10 0.63
181 56 car -1 -1 -1 572.45 542.05 610.96 572.02 -1 -1 -1 -1000 -1000 -1000 -10 0.52
182 49 car -1 -1 -1 501.55 523.11 564.76 582.77 -1 -1 -1 -1000 -1000 -1000 -10 0.71
182 56 car -1 -1 -1 576.85 542.69 618.77 574.72 -1 -1 -1 -1000 -1000 -1000 -10 0.53
182 58 car -1 -1 -1 483.02 540.32 507.32 566.56 -1 -1 -1 -1000 -1000 -1000 -10 0.43
183 49 car -1 -1 -1 502.74 525.48 562.43 580.49 -1 -1 -1 -1000 -1000 -1000 -10 0.79
183 56 car -1 -1 -1 581.51 542.70 624.72 574.82 -1 -1 -1 -1000 -1000 -1000 -10 0.59
183 58 car -1 -1 -1 483.82 540.73 507.53 566.76 -1 -1 -1 -1000 -1000 -1000 -10 0.52
183 59 car -1 -1 -1 455.58 543.38 481.57 568.35 -1 -1 -1 -1000 -1000 -1000 -10 0.34
184 49 car -1 -1 -1 503.39 522.75 561.39 578.21 -1 -1 -1 -1000 -1000 -1000 -10 0.83
184 56 car -1 -1 -1 588.29 539.91 630.38 572.17 -1 -1 -1 -1000 -1000 -1000 -10 0.65
184 59 car -1 -1 -1 460.24 540.90 483.10 565.01 -1 -1 -1 -1000 -1000 -1000 -10 0.38
185 49 car -1 -1 -1 504.18 522.46 561.24 577.53 -1 -1 -1 -1000 -1000 -1000 -10 0.79
185 56 car -1 -1 -1 590.78 540.44 637.39 572.37 -1 -1 -1 -1000 -1000 -1000 -10 0.73
185 59 car -1 -1 -1 463.15 540.58 491.70 565.22 -1 -1 -1 -1000 -1000 -1000 -10 0.46
186 49 car -1 -1 -1 506.28 527.26 562.95 577.72 -1 -1 -1 -1000 -1000 -1000 -10 0.56
186 56 car -1 -1 -1 594.43 539.41 642.10 574.02 -1 -1 -1 -1000 -1000 -1000 -10 0.47
186 59 car -1 -1 -1 466.42 541.09 491.52 564.42 -1 -1 -1 -1000 -1000 -1000 -10 0.32
187 56 car -1 -1 -1 595.37 537.37 645.39 574.37 -1 -1 -1 -1000 -1000 -1000 -10 0.76
187 49 car -1 -1 -1 506.61 525.05 559.13 575.63 -1 -1 -1 -1000 -1000 -1000 -10 0.67
187 59 car -1 -1 -1 469.64 539.64 499.39 565.11 -1 -1 -1 -1000 -1000 -1000 -10 0.41
188 49 car -1 -1 -1 507.05 524.87 559.66 577.33 -1 -1 -1 -1000 -1000 -1000 -10 0.55
188 56 car -1 -1 -1 597.47 536.98 648.75 577.20 -1 -1 -1 -1000 -1000 -1000 -10 0.52
188 59 car -1 -1 -1 470.88 539.37 499.07 566.05 -1 -1 -1 -1000 -1000 -1000 -10 0.40
189 56 car -1 -1 -1 600.14 537.26 652.99 575.26 -1 -1 -1 -1000 -1000 -1000 -10 0.77
189 49 car -1 -1 -1 506.67 525.01 559.63 576.09 -1 -1 -1 -1000 -1000 -1000 -10 0.66
189 59 car -1 -1 -1 470.51 538.09 497.42 563.78 -1 -1 -1 -1000 -1000 -1000 -10 0.38
190 56 car -1 -1 -1 600.91 533.18 654.79 574.03 -1 -1 -1 -1000 -1000 -1000 -10 0.84
190 49 car -1 -1 -1 506.66 522.37 558.67 572.07 -1 -1 -1 -1000 -1000 -1000 -10 0.75
190 59 car -1 -1 -1 470.74 535.62 494.74 559.98 -1 -1 -1 -1000 -1000 -1000 -10 0.34
191 49 car -1 -1 -1 506.23 524.78 557.17 571.38 -1 -1 -1 -1000 -1000 -1000 -10 0.84
191 56 car -1 -1 -1 601.47 532.69 659.33 576.13 -1 -1 -1 -1000 -1000 -1000 -10 0.74
191 59 car -1 -1 -1 469.56 534.29 493.35 560.49 -1 -1 -1 -1000 -1000 -1000 -10 0.42
192 56 car -1 -1 -1 602.97 536.96 662.72 581.20 -1 -1 -1 -1000 -1000 -1000 -10 0.90
192 49 car -1 -1 -1 505.09 529.04 558.42 576.18 -1 -1 -1 -1000 -1000 -1000 -10 0.69
192 59 car -1 -1 -1 468.60 539.14 493.91 566.04 -1 -1 -1 -1000 -1000 -1000 -10 0.31
193 56 car -1 -1 -1 604.55 533.19 665.32 577.97 -1 -1 -1 -1000 -1000 -1000 -10 0.88
193 49 car -1 -1 -1 505.41 524.42 555.11 570.08 -1 -1 -1 -1000 -1000 -1000 -10 0.79
193 59 car -1 -1 -1 467.63 533.41 491.14 560.06 -1 -1 -1 -1000 -1000 -1000 -10 0.43
194 49 car -1 -1 -1 504.30 527.56 553.85 570.70 -1 -1 -1 -1000 -1000 -1000 -10 0.79
194 56 car -1 -1 -1 602.94 533.06 668.20 580.09 -1 -1 -1 -1000 -1000 -1000 -10 0.71
194 59 car -1 -1 -1 465.24 534.87 489.70 561.36 -1 -1 -1 -1000 -1000 -1000 -10 0.40
195 56 car -1 -1 -1 599.58 530.76 667.44 578.70 -1 -1 -1 -1000 -1000 -1000 -10 0.93
195 49 car -1 -1 -1 501.96 525.65 551.25 568.86 -1 -1 -1 -1000 -1000 -1000 -10 0.74
196 56 car -1 -1 -1 593.82 528.71 664.95 581.55 -1 -1 -1 -1000 -1000 -1000 -10 0.83
196 49 car -1 -1 -1 498.23 523.08 547.61 567.41 -1 -1 -1 -1000 -1000 -1000 -10 0.59
196 60 car -1 -1 -1 457.18 531.01 481.52 556.06 -1 -1 -1 -1000 -1000 -1000 -10 0.39
197 56 car -1 -1 -1 585.33 528.53 661.71 585.26 -1 -1 -1 -1000 -1000 -1000 -10 0.85
197 49 car -1 -1 -1 494.57 526.24 542.11 568.43 -1 -1 -1 -1000 -1000 -1000 -10 0.81
197 60 car -1 -1 -1 451.69 530.94 475.85 558.02 -1 -1 -1 -1000 -1000 -1000 -10 0.37
198 56 car -1 -1 -1 579.80 529.34 662.84 585.86 -1 -1 -1 -1000 -1000 -1000 -10 0.87
198 49 car -1 -1 -1 492.50 526.16 540.70 569.20 -1 -1 -1 -1000 -1000 -1000 -10 0.70
199 56 car -1 -1 -1 582.39 526.05 664.38 587.16 -1 -1 -1 -1000 -1000 -1000 -10 0.84
199 49 car -1 -1 -1 491.93 525.60 541.00 567.83 -1 -1 -1 -1000 -1000 -1000 -10 0.59
200 56 car -1 -1 -1 583.72 525.88 675.01 592.29 -1 -1 -1 -1000 -1000 -1000 -10 0.88
200 49 car -1 -1 -1 492.78 526.36 540.79 568.31 -1 -1 -1 -1000 -1000 -1000 -10 0.65
201 56 car -1 -1 -1 588.82 526.33 688.03 592.32 -1 -1 -1 -1000 -1000 -1000 -10 0.93
201 49 car -1 -1 -1 495.10 525.90 542.06 567.99 -1 -1 -1 -1000 -1000 -1000 -10 0.72
202 56 car -1 -1 -1 595.50 523.28 698.74 594.67 -1 -1 -1 -1000 -1000 -1000 -10 0.90
202 49 car -1 -1 -1 496.64 526.54 545.44 567.27 -1 -1 -1 -1000 -1000 -1000 -10 0.62
203 56 car -1 -1 -1 602.86 522.37 712.50 603.08 -1 -1 -1 -1000 -1000 -1000 -10 0.92
203 49 car -1 -1 -1 508.72 531.08 553.97 569.33 -1 -1 -1 -1000 -1000 -1000 -10 0.73
204 56 car -1 -1 -1 604.58 523.00 724.04 607.16 -1 -1 -1 -1000 -1000 -1000 -10 0.93
204 49 car -1 -1 -1 519.79 531.55 565.20 568.82 -1 -1 -1 -1000 -1000 -1000 -10 0.70
205 56 car -1 -1 -1 604.35 516.13 724.71 605.03 -1 -1 -1 -1000 -1000 -1000 -10 0.96
205 49 car -1 -1 -1 532.16 525.74 578.50 567.73 -1 -1 -1 -1000 -1000 -1000 -10 0.65
206 56 car -1 -1 -1 590.42 516.02 709.52 609.51 -1 -1 -1 -1000 -1000 -1000 -10 0.92
206 49 car -1 -1 -1 542.49 527.30 590.35 568.29 -1 -1 -1 -1000 -1000 -1000 -10 0.69
207 56 car -1 -1 -1 550.90 517.78 674.78 616.87 -1 -1 -1 -1000 -1000 -1000 -10 0.88
208 56 car -1 -1 -1 488.14 515.04 613.49 617.95 -1 -1 -1 -1000 -1000 -1000 -10 0.96
209 56 car -1 -1 -1 409.10 514.46 541.17 620.33 -1 -1 -1 -1000 -1000 -1000 -10 0.94
209 61 car -1 -1 -1 568.68 532.38 613.90 568.91 -1 -1 -1 -1000 -1000 -1000 -10 0.65
210 61 car -1 -1 -1 573.17 530.30 620.96 569.77 -1 -1 -1 -1000 -1000 -1000 -10 0.84
210 56 car -1 -1 -1 337.86 503.04 472.71 618.56 -1 -1 -1 -1000 -1000 -1000 -10 0.72
211 61 car -1 -1 -1 577.69 530.28 626.78 571.60 -1 -1 -1 -1000 -1000 -1000 -10 0.67
212 61 car -1 -1 -1 581.99 529.86 633.04 571.74 -1 -1 -1 -1000 -1000 -1000 -10 0.61
213 61 car -1 -1 -1 588.64 531.76 639.93 573.69 -1 -1 -1 -1000 -1000 -1000 -10 0.78
213 62 car -1 -1 -1 493.28 538.88 520.08 562.83 -1 -1 -1 -1000 -1000 -1000 -10 0.32
214 61 car -1 -1 -1 595.29 531.41 650.45 574.18 -1 -1 -1 -1000 -1000 -1000 -10 0.74
215 61 car -1 -1 -1 606.45 531.75 660.28 574.03 -1 -1 -1 -1000 -1000 -1000 -10 0.80
215 63 car -1 -1 -1 506.57 538.75 529.55 562.17 -1 -1 -1 -1000 -1000 -1000 -10 0.36
216 61 car -1 -1 -1 617.59 533.07 671.26 572.59 -1 -1 -1 -1000 -1000 -1000 -10 0.67
216 63 car -1 -1 -1 510.80 537.62 534.49 562.21 -1 -1 -1 -1000 -1000 -1000 -10 0.32
216 64 car -1 -1 -1 393.93 540.62 415.12 559.95 -1 -1 -1 -1000 -1000 -1000 -10 0.31
217 61 car -1 -1 -1 625.66 531.51 680.99 576.02 -1 -1 -1 -1000 -1000 -1000 -10 0.66
217 63 car -1 -1 -1 513.96 541.73 539.70 564.17 -1 -1 -1 -1000 -1000 -1000 -10 0.43
218 61 car -1 -1 -1 633.59 531.62 689.72 573.47 -1 -1 -1 -1000 -1000 -1000 -10 0.70
219 61 car -1 -1 -1 642.26 532.11 699.17 577.59 -1 -1 -1 -1000 -1000 -1000 -10 0.85
220 61 car -1 -1 -1 650.04 529.03 712.36 576.40 -1 -1 -1 -1000 -1000 -1000 -10 0.83
221 61 car -1 -1 -1 659.66 528.32 725.60 577.68 -1 -1 -1 -1000 -1000 -1000 -10 0.87
222 61 car -1 -1 -1 670.43 529.68 741.51 581.99 -1 -1 -1 -1000 -1000 -1000 -10 0.92
223 61 car -1 -1 -1 686.91 525.27 763.43 582.95 -1 -1 -1 -1000 -1000 -1000 -10 0.90
223 65 car -1 -1 -1 505.83 544.67 530.06 566.21 -1 -1 -1 -1000 -1000 -1000 -10 0.34
224 61 car -1 -1 -1 706.28 524.23 788.86 585.95 -1 -1 -1 -1000 -1000 -1000 -10 0.95
224 66 car -1 -1 -1 546.03 540.28 574.06 565.82 -1 -1 -1 -1000 -1000 -1000 -10 0.33
225 61 car -1 -1 -1 728.63 519.44 817.19 587.59 -1 -1 -1 -1000 -1000 -1000 -10 0.90
226 61 car -1 -1 -1 750.05 519.54 860.12 594.27 -1 -1 -1 -1000 -1000 -1000 -10 0.88
226 67 car -1 -1 -1 551.05 540.97 584.06 568.15 -1 -1 -1 -1000 -1000 -1000 -10 0.46
226 68 car -1 -1 -1 506.84 546.88 533.62 570.44 -1 -1 -1 -1000 -1000 -1000 -10 0.34
227 61 car -1 -1 -1 782.79 511.53 907.31 596.31 -1 -1 -1 -1000 -1000 -1000 -10 0.92
227 68 car -1 -1 -1 506.52 542.34 535.96 567.77 -1 -1 -1 -1000 -1000 -1000 -10 0.54
227 67 car -1 -1 -1 556.16 539.47 586.97 565.77 -1 -1 -1 -1000 -1000 -1000 -10 0.43
228 61 car -1 -1 -1 828.95 504.08 973.60 603.31 -1 -1 -1 -1000 -1000 -1000 -10 0.92
228 68 car -1 -1 -1 507.69 542.11 539.47 570.38 -1 -1 -1 -1000 -1000 -1000 -10 0.56
228 67 car -1 -1 -1 560.27 538.83 592.94 566.52 -1 -1 -1 -1000 -1000 -1000 -10 0.44
229 61 car -1 -1 -1 882.33 501.05 1056.67 605.82 -1 -1 -1 -1000 -1000 -1000 -10 0.86
229 68 car -1 -1 -1 509.11 538.80 544.49 566.54 -1 -1 -1 -1000 -1000 -1000 -10 0.53
229 67 car -1 -1 -1 564.72 532.87 599.66 561.57 -1 -1 -1 -1000 -1000 -1000 -10 0.43
230 61 car -1 -1 -1 967.41 506.54 1186.81 627.01 -1 -1 -1 -1000 -1000 -1000 -10 0.76
230 68 car -1 -1 -1 513.17 549.95 551.87 581.09 -1 -1 -1 -1000 -1000 -1000 -10 0.71
230 67 car -1 -1 -1 572.22 546.30 607.21 575.89 -1 -1 -1 -1000 -1000 -1000 -10 0.55
230 69 car -1 -1 -1 410.78 549.80 433.69 572.17 -1 -1 -1 -1000 -1000 -1000 -10 0.36
231 67 car -1 -1 -1 580.29 530.41 618.89 563.87 -1 -1 -1 -1000 -1000 -1000 -10 0.55
231 69 car -1 -1 -1 406.37 535.16 430.32 558.95 -1 -1 -1 -1000 -1000 -1000 -10 0.54
231 68 car -1 -1 -1 518.89 532.88 562.01 569.46 -1 -1 -1 -1000 -1000 -1000 -10 0.49
231 61 car -1 -1 -1 1088.79 479.66 1377.27 640.77 -1 -1 -1 -1000 -1000 -1000 -10 0.49
232 68 car -1 -1 -1 523.46 520.37 572.91 560.84 -1 -1 -1 -1000 -1000 -1000 -10 0.77
232 67 car -1 -1 -1 589.53 519.34 632.14 554.79 -1 -1 -1 -1000 -1000 -1000 -10 0.67
232 69 car -1 -1 -1 400.98 524.93 425.18 548.76 -1 -1 -1 -1000 -1000 -1000 -10 0.48
233 68 car -1 -1 -1 530.60 529.88 586.48 570.76 -1 -1 -1 -1000 -1000 -1000 -10 0.65
233 69 car -1 -1 -1 394.38 530.13 420.52 556.16 -1 -1 -1 -1000 -1000 -1000 -10 0.58
233 67 car -1 -1 -1 598.31 527.07 644.68 564.05 -1 -1 -1 -1000 -1000 -1000 -10 0.55
234 67 car -1 -1 -1 608.34 539.53 659.24 578.78 -1 -1 -1 -1000 -1000 -1000 -10 0.73
234 69 car -1 -1 -1 385.90 544.08 413.15 567.96 -1 -1 -1 -1000 -1000 -1000 -10 0.66
234 68 car -1 -1 -1 539.56 540.89 601.52 585.37 -1 -1 -1 -1000 -1000 -1000 -10 0.61
235 68 car -1 -1 -1 547.86 537.02 621.46 581.28 -1 -1 -1 -1000 -1000 -1000 -10 0.78
235 69 car -1 -1 -1 378.46 536.30 406.32 560.12 -1 -1 -1 -1000 -1000 -1000 -10 0.58
235 70 car -1 -1 -1 709.72 542.42 747.80 572.58 -1 -1 -1 -1000 -1000 -1000 -10 0.40
236 69 car -1 -1 -1 373.04 532.86 399.21 557.37 -1 -1 -1 -1000 -1000 -1000 -10 0.39
236 68 car -1 -1 -1 563.39 543.24 616.92 576.86 -1 -1 -1 -1000 -1000 -1000 -10 0.33
236 71 car -1 -1 -1 642.09 524.92 698.15 571.11 -1 -1 -1 -1000 -1000 -1000 -10 0.37
236 72 car -1 -1 -1 606.18 548.16 647.18 576.09 -1 -1 -1 -1000 -1000 -1000 -10 0.31
240 73 car -1 -1 -1 658.31 501.13 896.52 681.35 -1 -1 -1 -1000 -1000 -1000 -10 0.50
242 74 car -1 -1 -1 847.02 454.11 1415.03 763.20 -1 -1 -1 -1000 -1000 -1000 -10 0.55
243 74 car -1 -1 -1 1120.91 427.06 1537.21 778.44 -1 -1 -1 -1000 -1000 -1000 -10 0.33
243 75 car -1 -1 -1 426.02 542.88 451.64 566.24 -1 -1 -1 -1000 -1000 -1000 -10 0.38
244 75 car -1 -1 -1 423.22 539.50 450.99 566.40 -1 -1 -1 -1000 -1000 -1000 -10 0.59
245 75 car -1 -1 -1 422.14 536.90 448.65 563.23 -1 -1 -1 -1000 -1000 -1000 -10 0.35
245 76 car -1 -1 -1 343.31 512.57 404.11 574.68 -1 -1 -1 -1000 -1000 -1000 -10 0.42
246 76 car -1 -1 -1 327.60 513.97 410.52 583.49 -1 -1 -1 -1000 -1000 -1000 -10 0.60
246 75 car -1 -1 -1 418.98 535.19 448.41 562.94 -1 -1 -1 -1000 -1000 -1000 -10 0.48
247 76 car -1 -1 -1 335.03 504.75 415.32 581.91 -1 -1 -1 -1000 -1000 -1000 -10 0.64
247 75 car -1 -1 -1 415.81 531.15 449.61 562.83 -1 -1 -1 -1000 -1000 -1000 -10 0.56
248 76 car -1 -1 -1 331.12 502.12 418.76 584.57 -1 -1 -1 -1000 -1000 -1000 -10 0.66
248 75 car -1 -1 -1 418.07 530.86 449.97 559.70 -1 -1 -1 -1000 -1000 -1000 -10 0.41
249 75 car -1 -1 -1 419.43 530.44 453.43 560.06 -1 -1 -1 -1000 -1000 -1000 -10 0.62
249 76 car -1 -1 -1 325.79 495.43 422.74 590.61 -1 -1 -1 -1000 -1000 -1000 -10 0.58
250 76 car -1 -1 -1 322.87 486.17 425.26 589.18 -1 -1 -1 -1000 -1000 -1000 -10 0.49
250 75 car -1 -1 -1 419.46 529.33 455.57 561.57 -1 -1 -1 -1000 -1000 -1000 -10 0.47
251 75 car -1 -1 -1 420.89 528.24 457.93 562.47 -1 -1 -1 -1000 -1000 -1000 -10 0.64
251 76 car -1 -1 -1 317.50 483.92 430.01 601.95 -1 -1 -1 -1000 -1000 -1000 -10 0.34
252 75 car -1 -1 -1 418.37 526.88 461.68 567.51 -1 -1 -1 -1000 -1000 -1000 -10 0.75
253 75 car -1 -1 -1 418.49 527.30 463.28 569.95 -1 -1 -1 -1000 -1000 -1000 -10 0.81
254 75 car -1 -1 -1 417.42 532.13 463.64 573.58 -1 -1 -1 -1000 -1000 -1000 -10 0.68
255 75 car -1 -1 -1 414.78 531.21 464.49 576.06 -1 -1 -1 -1000 -1000 -1000 -10 0.77
255 77 car -1 -1 -1 490.19 526.85 533.92 571.19 -1 -1 -1 -1000 -1000 -1000 -10 0.36
256 75 car -1 -1 -1 415.62 533.03 462.84 577.52 -1 -1 -1 -1000 -1000 -1000 -10 0.78
256 77 car -1 -1 -1 482.37 525.06 527.36 572.86 -1 -1 -1 -1000 -1000 -1000 -10 0.52
257 75 car -1 -1 -1 408.02 533.84 463.64 578.59 -1 -1 -1 -1000 -1000 -1000 -10 0.68
257 77 car -1 -1 -1 471.77 520.76 518.36 574.77 -1 -1 -1 -1000 -1000 -1000 -10 0.51
258 75 car -1 -1 -1 403.65 530.41 465.59 580.98 -1 -1 -1 -1000 -1000 -1000 -10 0.70
259 75 car -1 -1 -1 403.45 530.24 463.46 580.32 -1 -1 -1 -1000 -1000 -1000 -10 0.76
259 78 car -1 -1 -1 455.72 517.10 499.73 567.97 -1 -1 -1 -1000 -1000 -1000 -10 0.31
260 78 car -1 -1 -1 443.26 512.50 497.54 575.00 -1 -1 -1 -1000 -1000 -1000 -10 0.52
261 78 car -1 -1 -1 438.23 511.93 490.38 574.65 -1 -1 -1 -1000 -1000 -1000 -10 0.58
262 78 car -1 -1 -1 426.19 504.94 489.44 580.18 -1 -1 -1 -1000 -1000 -1000 -10 0.36
263 78 car -1 -1 -1 417.28 514.45 487.65 581.25 -1 -1 -1 -1000 -1000 -1000 -10 0.44
264 78 car -1 -1 -1 401.70 511.03 480.00 586.84 -1 -1 -1 -1000 -1000 -1000 -10 0.39
266 79 car -1 -1 -1 1432.80 469.42 1920.65 759.16 -1 -1 -1 -1000 -1000 -1000 -10 0.41
266 80 car -1 -1 -1 393.57 518.81 463.63 589.72 -1 -1 -1 -1000 -1000 -1000 -10 0.34
267 80 car -1 -1 -1 391.48 517.45 464.39 590.70 -1 -1 -1 -1000 -1000 -1000 -10 0.32
268 80 car -1 -1 -1 381.05 512.33 464.45 596.04 -1 -1 -1 -1000 -1000 -1000 -10 0.32
271 81 car -1 -1 -1 1426.52 388.20 1902.99 768.88 -1 -1 -1 -1000 -1000 -1000 -10 0.61
276 82 car -1 -1 -1 1637.43 467.54 1909.15 713.91 -1 -1 -1 -1000 -1000 -1000 -10 0.34
280 83 car -1 -1 -1 1581.17 483.14 1869.03 758.15 -1 -1 -1 -1000 -1000 -1000 -10 0.32
310 84 car -1 -1 -1 664.76 521.66 827.64 610.37 -1 -1 -1 -1000 -1000 -1000 -10 0.31
353 85 car -1 -1 -1 711.08 531.72 748.90 562.62 -1 -1 -1 -1000 -1000 -1000 -10 0.34
373 86 car -1 -1 -1 310.00 468.43 440.67 594.05 -1 -1 -1 -1000 -1000 -1000 -10 0.39
374 86 car -1 -1 -1 353.11 488.21 444.61 585.24 -1 -1 -1 -1000 -1000 -1000 -10 0.67
375 86 car -1 -1 -1 372.56 495.87 452.11 578.84 -1 -1 -1 -1000 -1000 -1000 -10 0.67
376 86 car -1 -1 -1 385.95 497.69 463.59 578.27 -1 -1 -1 -1000 -1000 -1000 -10 0.71
376 87 car -1 -1 -1 830.02 516.08 870.12 546.64 -1 -1 -1 -1000 -1000 -1000 -10 0.38
377 86 car -1 -1 -1 396.44 513.60 474.23 585.49 -1 -1 -1 -1000 -1000 -1000 -10 0.85
377 88 car -1 -1 -1 568.74 530.47 639.57 580.21 -1 -1 -1 -1000 -1000 -1000 -10 0.62
377 89 car -1 -1 -1 842.81 543.28 926.08 587.98 -1 -1 -1 -1000 -1000 -1000 -10 0.38
378 86 car -1 -1 -1 405.39 513.12 478.31 573.49 -1 -1 -1 -1000 -1000 -1000 -10 0.88
378 89 car -1 -1 -1 801.16 524.50 898.14 580.90 -1 -1 -1 -1000 -1000 -1000 -10 0.82
378 88 car -1 -1 -1 564.93 528.09 632.57 573.14 -1 -1 -1 -1000 -1000 -1000 -10 0.76
378 90 car -1 -1 -1 882.57 528.18 923.15 568.31 -1 -1 -1 -1000 -1000 -1000 -10 0.40
379 89 car -1 -1 -1 771.54 525.50 863.09 581.17 -1 -1 -1 -1000 -1000 -1000 -10 0.84
379 86 car -1 -1 -1 416.10 516.81 480.37 572.42 -1 -1 -1 -1000 -1000 -1000 -10 0.76
379 88 car -1 -1 -1 564.77 530.08 621.34 571.80 -1 -1 -1 -1000 -1000 -1000 -10 0.76
380 89 car -1 -1 -1 751.67 527.05 835.50 581.82 -1 -1 -1 -1000 -1000 -1000 -10 0.85
380 86 car -1 -1 -1 423.39 525.50 479.43 569.51 -1 -1 -1 -1000 -1000 -1000 -10 0.76
380 88 car -1 -1 -1 560.25 537.20 613.50 569.13 -1 -1 -1 -1000 -1000 -1000 -10 0.58
381 89 car -1 -1 -1 732.80 518.55 807.56 570.82 -1 -1 -1 -1000 -1000 -1000 -10 0.81
381 86 car -1 -1 -1 429.70 516.63 479.57 557.85 -1 -1 -1 -1000 -1000 -1000 -10 0.78
381 88 car -1 -1 -1 559.57 528.07 607.23 560.12 -1 -1 -1 -1000 -1000 -1000 -10 0.73
382 89 car -1 -1 -1 712.10 528.84 778.04 576.27 -1 -1 -1 -1000 -1000 -1000 -10 0.78
382 86 car -1 -1 -1 433.07 524.51 480.64 565.23 -1 -1 -1 -1000 -1000 -1000 -10 0.53
382 88 car -1 -1 -1 552.79 535.06 600.82 566.51 -1 -1 -1 -1000 -1000 -1000 -10 0.52
382 91 car -1 -1 -1 790.49 544.72 824.31 565.55 -1 -1 -1 -1000 -1000 -1000 -10 0.53
382 92 car -1 -1 -1 650.05 535.11 690.19 562.22 -1 -1 -1 -1000 -1000 -1000 -10 0.52
382 93 car -1 -1 -1 529.08 538.50 557.44 559.40 -1 -1 -1 -1000 -1000 -1000 -10 0.36
383 89 car -1 -1 -1 686.16 526.13 745.06 571.75 -1 -1 -1 -1000 -1000 -1000 -10 0.88
383 86 car -1 -1 -1 432.05 522.92 475.52 558.16 -1 -1 -1 -1000 -1000 -1000 -10 0.63
383 88 car -1 -1 -1 546.26 533.52 588.11 560.15 -1 -1 -1 -1000 -1000 -1000 -10 0.59
383 92 car -1 -1 -1 636.16 530.52 675.87 559.15 -1 -1 -1 -1000 -1000 -1000 -10 0.53
383 94 car -1 -1 -1 755.12 537.58 796.05 560.90 -1 -1 -1 -1000 -1000 -1000 -10 0.55
384 92 car -1 -1 -1 658.81 527.81 713.54 572.27 -1 -1 -1 -1000 -1000 -1000 -10 0.86
384 88 car -1 -1 -1 533.73 535.79 576.01 561.81 -1 -1 -1 -1000 -1000 -1000 -10 0.57
384 86 car -1 -1 -1 430.95 526.62 470.62 557.76 -1 -1 -1 -1000 -1000 -1000 -10 0.56
384 94 car -1 -1 -1 726.37 534.34 771.74 563.67 -1 -1 -1 -1000 -1000 -1000 -10 0.53
384 95 car -1 -1 -1 620.73 530.52 660.27 559.27 -1 -1 -1 -1000 -1000 -1000 -10 0.67
384 96 car -1 -1 -1 819.14 536.30 854.55 560.13 -1 -1 -1 -1000 -1000 -1000 -10 0.35
384 97 car -1 -1 -1 509.80 533.81 537.61 554.84 -1 -1 -1 -1000 -1000 -1000 -10 0.32
385 94 car -1 -1 -1 705.90 535.26 753.79 564.01 -1 -1 -1 -1000 -1000 -1000 -10 0.73
385 96 car -1 -1 -1 790.13 534.07 836.62 561.87 -1 -1 -1 -1000 -1000 -1000 -10 0.72
385 86 car -1 -1 -1 430.57 527.62 466.98 556.85 -1 -1 -1 -1000 -1000 -1000 -10 0.71
385 95 car -1 -1 -1 622.97 529.97 683.71 568.87 -1 -1 -1 -1000 -1000 -1000 -10 0.63
385 88 car -1 -1 -1 518.67 526.25 568.15 563.24 -1 -1 -1 -1000 -1000 -1000 -10 0.63
385 97 car -1 -1 -1 501.05 532.20 528.34 552.48 -1 -1 -1 -1000 -1000 -1000 -10 0.44
385 98 car -1 -1 -1 609.59 530.75 646.00 558.64 -1 -1 -1 -1000 -1000 -1000 -10 0.55
386 98 car -1 -1 -1 601.40 529.25 652.95 567.30 -1 -1 -1 -1000 -1000 -1000 -10 0.89
386 94 car -1 -1 -1 689.83 534.61 732.61 560.07 -1 -1 -1 -1000 -1000 -1000 -10 0.67
386 86 car -1 -1 -1 427.34 527.91 463.40 555.08 -1 -1 -1 -1000 -1000 -1000 -10 0.63
386 88 car -1 -1 -1 514.08 536.21 552.32 558.30 -1 -1 -1 -1000 -1000 -1000 -10 0.34
386 96 car -1 -1 -1 763.67 530.07 816.03 558.95 -1 -1 -1 -1000 -1000 -1000 -10 0.34
387 98 car -1 -1 -1 577.89 528.74 630.41 565.38 -1 -1 -1 -1000 -1000 -1000 -10 0.83
387 86 car -1 -1 -1 426.54 527.96 460.24 553.39 -1 -1 -1 -1000 -1000 -1000 -10 0.49
387 88 car -1 -1 -1 496.53 534.15 541.73 559.70 -1 -1 -1 -1000 -1000 -1000 -10 0.43
387 94 car -1 -1 -1 672.12 534.46 716.77 558.96 -1 -1 -1 -1000 -1000 -1000 -10 0.39
387 96 car -1 -1 -1 756.83 536.25 794.80 557.77 -1 -1 -1 -1000 -1000 -1000 -10 0.32
388 98 car -1 -1 -1 591.39 530.32 629.19 557.11 -1 -1 -1 -1000 -1000 -1000 -10 0.55
388 94 car -1 -1 -1 663.62 533.49 700.32 556.79 -1 -1 -1 -1000 -1000 -1000 -10 0.50
388 88 car -1 -1 -1 484.98 531.04 525.69 557.45 -1 -1 -1 -1000 -1000 -1000 -10 0.49
388 86 car -1 -1 -1 427.46 526.73 457.48 551.46 -1 -1 -1 -1000 -1000 -1000 -10 0.45
388 99 car -1 -1 -1 559.07 530.76 598.09 559.11 -1 -1 -1 -1000 -1000 -1000 -10 0.49
389 86 car -1 -1 -1 427.46 529.31 457.48 552.04 -1 -1 -1 -1000 -1000 -1000 -10 0.59
389 94 car -1 -1 -1 651.70 535.05 688.42 558.38 -1 -1 -1 -1000 -1000 -1000 -10 0.58
389 99 car -1 -1 -1 536.39 531.86 582.08 561.10 -1 -1 -1 -1000 -1000 -1000 -10 0.53
389 98 car -1 -1 -1 584.30 529.38 623.72 557.69 -1 -1 -1 -1000 -1000 -1000 -10 0.52
389 88 car -1 -1 -1 473.21 531.69 513.03 558.27 -1 -1 -1 -1000 -1000 -1000 -10 0.37
390 99 car -1 -1 -1 519.39 531.41 559.30 562.37 -1 -1 -1 -1000 -1000 -1000 -10 0.58
390 94 car -1 -1 -1 639.59 535.98 675.39 558.34 -1 -1 -1 -1000 -1000 -1000 -10 0.54
390 88 car -1 -1 -1 460.18 535.57 492.78 558.45 -1 -1 -1 -1000 -1000 -1000 -10 0.51
390 98 car -1 -1 -1 584.38 529.40 623.70 559.33 -1 -1 -1 -1000 -1000 -1000 -10 0.51
390 86 car -1 -1 -1 429.23 530.97 455.23 551.11 -1 -1 -1 -1000 -1000 -1000 -10 0.42
390 100 car -1 -1 -1 488.39 532.45 516.27 554.65 -1 -1 -1 -1000 -1000 -1000 -10 0.36
391 98 car -1 -1 -1 583.05 529.86 620.55 558.99 -1 -1 -1 -1000 -1000 -1000 -10 0.63
391 99 car -1 -1 -1 501.87 532.87 540.18 561.44 -1 -1 -1 -1000 -1000 -1000 -10 0.56
391 101 car -1 -1 -1 374.86 532.69 400.71 556.12 -1 -1 -1 -1000 -1000 -1000 -10 0.34
392 99 car -1 -1 -1 485.60 531.37 524.25 561.97 -1 -1 -1 -1000 -1000 -1000 -10 0.54
392 98 car -1 -1 -1 580.27 529.34 618.09 560.32 -1 -1 -1 -1000 -1000 -1000 -10 0.42
392 102 car -1 -1 -1 425.91 534.16 459.23 559.74 -1 -1 -1 -1000 -1000 -1000 -10 0.37
393 98 car -1 -1 -1 578.93 532.68 618.46 561.31 -1 -1 -1 -1000 -1000 -1000 -10 0.63
393 99 car -1 -1 -1 470.30 532.66 508.59 562.13 -1 -1 -1 -1000 -1000 -1000 -10 0.61
393 102 car -1 -1 -1 411.04 535.16 443.88 559.07 -1 -1 -1 -1000 -1000 -1000 -10 0.46
393 103 car -1 -1 -1 368.76 532.71 392.38 554.64 -1 -1 -1 -1000 -1000 -1000 -10 0.49
393 104 car -1 -1 -1 675.48 537.82 707.72 557.46 -1 -1 -1 -1000 -1000 -1000 -10 0.31
394 98 car -1 -1 -1 576.35 528.66 615.21 559.69 -1 -1 -1 -1000 -1000 -1000 -10 0.62
394 103 car -1 -1 -1 374.13 532.29 396.86 555.72 -1 -1 -1 -1000 -1000 -1000 -10 0.54
394 99 car -1 -1 -1 458.58 531.87 491.44 558.12 -1 -1 -1 -1000 -1000 -1000 -10 0.44
395 98 car -1 -1 -1 570.96 528.77 610.23 561.44 -1 -1 -1 -1000 -1000 -1000 -10 0.58
395 103 car -1 -1 -1 374.72 531.77 402.51 556.98 -1 -1 -1 -1000 -1000 -1000 -10 0.50
395 99 car -1 -1 -1 443.75 532.22 475.25 557.52 -1 -1 -1 -1000 -1000 -1000 -10 0.33
396 98 car -1 -1 -1 565.64 531.95 602.52 561.12 -1 -1 -1 -1000 -1000 -1000 -10 0.62
396 99 car -1 -1 -1 427.34 533.45 459.37 559.87 -1 -1 -1 -1000 -1000 -1000 -10 0.44
396 103 car -1 -1 -1 379.04 533.67 402.98 555.89 -1 -1 -1 -1000 -1000 -1000 -10 0.41
397 98 car -1 -1 -1 556.95 528.58 594.27 561.47 -1 -1 -1 -1000 -1000 -1000 -10 0.41
397 99 car -1 -1 -1 410.79 531.31 443.35 557.26 -1 -1 -1 -1000 -1000 -1000 -10 0.37
397 103 car -1 -1 -1 378.94 533.98 402.89 555.73 -1 -1 -1 -1000 -1000 -1000 -10 0.35
398 98 car -1 -1 -1 549.70 530.49 587.34 563.59 -1 -1 -1 -1000 -1000 -1000 -10 0.73
398 103 car -1 -1 -1 377.60 537.02 399.08 557.27 -1 -1 -1 -1000 -1000 -1000 -10 0.48
398 99 car -1 -1 -1 399.37 536.79 425.30 557.95 -1 -1 -1 -1000 -1000 -1000 -10 0.36
398 105 car -1 -1 -1 607.15 538.13 635.10 558.55 -1 -1 -1 -1000 -1000 -1000 -10 0.37
399 98 car -1 -1 -1 537.55 527.56 576.99 562.66 -1 -1 -1 -1000 -1000 -1000 -10 0.53
399 103 car -1 -1 -1 386.22 534.91 410.63 554.84 -1 -1 -1 -1000 -1000 -1000 -10 0.36
400 98 car -1 -1 -1 527.36 527.62 567.72 563.34 -1 -1 -1 -1000 -1000 -1000 -10 0.63
401 98 car -1 -1 -1 524.11 527.24 563.84 561.77 -1 -1 -1 -1000 -1000 -1000 -10 0.67
401 106 car -1 -1 -1 434.67 532.58 457.98 552.04 -1 -1 -1 -1000 -1000 -1000 -10 0.30
402 98 car -1 -1 -1 528.48 529.02 571.70 564.66 -1 -1 -1 -1000 -1000 -1000 -10 0.73
403 98 car -1 -1 -1 537.08 530.10 581.30 566.91 -1 -1 -1 -1000 -1000 -1000 -10 0.81
404 98 car -1 -1 -1 544.47 528.26 590.01 566.15 -1 -1 -1 -1000 -1000 -1000 -10 0.84
405 98 car -1 -1 -1 549.23 527.34 596.39 565.61 -1 -1 -1 -1000 -1000 -1000 -10 0.74
406 98 car -1 -1 -1 553.49 527.23 602.62 567.10 -1 -1 -1 -1000 -1000 -1000 -10 0.85
407 98 car -1 -1 -1 559.71 527.70 610.92 569.97 -1 -1 -1 -1000 -1000 -1000 -10 0.85
408 98 car -1 -1 -1 566.71 527.53 619.94 570.92 -1 -1 -1 -1000 -1000 -1000 -10 0.69
409 98 car -1 -1 -1 568.72 525.18 625.85 567.89 -1 -1 -1 -1000 -1000 -1000 -10 0.71
410 98 car -1 -1 -1 572.30 525.58 632.98 574.41 -1 -1 -1 -1000 -1000 -1000 -10 0.87
410 107 car -1 -1 -1 386.73 532.68 409.42 551.36 -1 -1 -1 -1000 -1000 -1000 -10 0.33
411 98 car -1 -1 -1 578.74 522.31 640.91 572.70 -1 -1 -1 -1000 -1000 -1000 -10 0.89
411 108 car -1 -1 -1 312.43 505.91 414.00 593.36 -1 -1 -1 -1000 -1000 -1000 -10 0.52
412 98 car -1 -1 -1 579.52 521.34 651.75 575.53 -1 -1 -1 -1000 -1000 -1000 -10 0.92
412 108 car -1 -1 -1 335.31 507.57 423.45 592.50 -1 -1 -1 -1000 -1000 -1000 -10 0.68
413 98 car -1 -1 -1 587.22 522.05 661.46 578.64 -1 -1 -1 -1000 -1000 -1000 -10 0.76
413 108 car -1 -1 -1 349.36 513.93 432.97 595.18 -1 -1 -1 -1000 -1000 -1000 -10 0.67
414 98 car -1 -1 -1 593.79 520.86 671.23 579.67 -1 -1 -1 -1000 -1000 -1000 -10 0.92
414 108 car -1 -1 -1 359.45 510.62 440.78 590.56 -1 -1 -1 -1000 -1000 -1000 -10 0.82
415 108 car -1 -1 -1 363.71 513.46 450.00 595.64 -1 -1 -1 -1000 -1000 -1000 -10 0.85
415 98 car -1 -1 -1 600.39 522.79 685.77 582.35 -1 -1 -1 -1000 -1000 -1000 -10 0.83
416 98 car -1 -1 -1 612.01 515.85 702.82 586.49 -1 -1 -1 -1000 -1000 -1000 -10 0.89
416 108 car -1 -1 -1 372.55 513.44 458.29 594.67 -1 -1 -1 -1000 -1000 -1000 -10 0.87
417 98 car -1 -1 -1 624.41 513.76 723.69 586.90 -1 -1 -1 -1000 -1000 -1000 -10 0.92
417 108 car -1 -1 -1 381.13 514.62 466.32 591.40 -1 -1 -1 -1000 -1000 -1000 -10 0.86
418 108 car -1 -1 -1 391.52 515.98 474.25 590.47 -1 -1 -1 -1000 -1000 -1000 -10 0.84
418 98 car -1 -1 -1 636.32 514.07 744.94 587.57 -1 -1 -1 -1000 -1000 -1000 -10 0.82
419 98 car -1 -1 -1 647.03 517.76 764.37 592.78 -1 -1 -1 -1000 -1000 -1000 -10 0.96
419 108 car -1 -1 -1 398.15 519.34 479.43 593.05 -1 -1 -1 -1000 -1000 -1000 -10 0.86
420 98 car -1 -1 -1 660.98 506.63 783.48 592.26 -1 -1 -1 -1000 -1000 -1000 -10 0.96
420 108 car -1 -1 -1 403.91 511.69 485.51 586.41 -1 -1 -1 -1000 -1000 -1000 -10 0.88
421 98 car -1 -1 -1 673.92 509.98 816.18 603.35 -1 -1 -1 -1000 -1000 -1000 -10 0.88
421 108 car -1 -1 -1 406.08 521.66 492.74 596.03 -1 -1 -1 -1000 -1000 -1000 -10 0.79
422 98 car -1 -1 -1 692.81 505.49 850.92 603.85 -1 -1 -1 -1000 -1000 -1000 -10 0.97
422 108 car -1 -1 -1 415.69 518.12 498.31 590.81 -1 -1 -1 -1000 -1000 -1000 -10 0.91
423 108 car -1 -1 -1 423.92 518.06 507.99 592.73 -1 -1 -1 -1000 -1000 -1000 -10 0.95
423 98 car -1 -1 -1 715.50 502.30 899.87 615.30 -1 -1 -1 -1000 -1000 -1000 -10 0.95
424 98 car -1 -1 -1 746.43 493.21 960.81 615.56 -1 -1 -1 -1000 -1000 -1000 -10 0.95
424 108 car -1 -1 -1 432.24 514.51 518.43 591.14 -1 -1 -1 -1000 -1000 -1000 -10 0.90
425 98 car -1 -1 -1 790.03 489.46 1042.64 628.96 -1 -1 -1 -1000 -1000 -1000 -10 0.94
425 108 car -1 -1 -1 445.81 514.94 536.78 595.20 -1 -1 -1 -1000 -1000 -1000 -10 0.92
426 98 car -1 -1 -1 848.30 473.04 1163.45 635.16 -1 -1 -1 -1000 -1000 -1000 -10 0.95
426 108 car -1 -1 -1 462.88 508.22 555.77 587.47 -1 -1 -1 -1000 -1000 -1000 -10 0.89
427 98 car -1 -1 -1 923.28 463.83 1325.85 657.14 -1 -1 -1 -1000 -1000 -1000 -10 0.96
427 108 car -1 -1 -1 478.10 513.48 573.40 594.74 -1 -1 -1 -1000 -1000 -1000 -10 0.96
428 98 car -1 -1 -1 1033.57 448.04 1541.07 684.80 -1 -1 -1 -1000 -1000 -1000 -10 0.93
428 108 car -1 -1 -1 491.28 513.14 589.86 595.28 -1 -1 -1 -1000 -1000 -1000 -10 0.88
429 108 car -1 -1 -1 501.31 507.55 604.78 592.45 -1 -1 -1 -1000 -1000 -1000 -10 0.93
429 98 car -1 -1 -1 1183.19 427.55 1858.68 729.51 -1 -1 -1 -1000 -1000 -1000 -10 0.88
430 108 car -1 -1 -1 514.26 522.21 628.01 608.97 -1 -1 -1 -1000 -1000 -1000 -10 0.92
430 98 car -1 -1 -1 1415.72 417.70 1889.91 726.63 -1 -1 -1 -1000 -1000 -1000 -10 0.52
431 108 car -1 -1 -1 540.85 505.07 651.51 591.75 -1 -1 -1 -1000 -1000 -1000 -10 0.96
432 108 car -1 -1 -1 562.05 508.54 678.26 598.27 -1 -1 -1 -1000 -1000 -1000 -10 0.95
432 109 car -1 -1 -1 350.05 530.24 409.49 578.67 -1 -1 -1 -1000 -1000 -1000 -10 0.61
433 108 car -1 -1 -1 580.71 510.05 700.87 603.59 -1 -1 -1 -1000 -1000 -1000 -10 0.93
433 109 car -1 -1 -1 356.96 531.15 419.08 580.99 -1 -1 -1 -1000 -1000 -1000 -10 0.68
434 108 car -1 -1 -1 592.49 512.07 713.56 609.62 -1 -1 -1 -1000 -1000 -1000 -10 0.97
434 109 car -1 -1 -1 359.72 532.60 428.72 588.82 -1 -1 -1 -1000 -1000 -1000 -10 0.76
435 108 car -1 -1 -1 598.33 506.69 720.61 604.36 -1 -1 -1 -1000 -1000 -1000 -10 0.94
435 109 car -1 -1 -1 364.00 524.73 434.08 581.02 -1 -1 -1 -1000 -1000 -1000 -10 0.85
436 108 car -1 -1 -1 598.63 506.41 725.34 606.82 -1 -1 -1 -1000 -1000 -1000 -10 0.92
436 109 car -1 -1 -1 359.03 522.96 440.95 585.75 -1 -1 -1 -1000 -1000 -1000 -10 0.84
437 108 car -1 -1 -1 601.25 503.77 738.90 609.13 -1 -1 -1 -1000 -1000 -1000 -10 0.95
437 109 car -1 -1 -1 364.22 520.64 442.09 584.78 -1 -1 -1 -1000 -1000 -1000 -10 0.76
438 108 car -1 -1 -1 607.91 504.95 753.50 613.17 -1 -1 -1 -1000 -1000 -1000 -10 0.97
438 109 car -1 -1 -1 361.63 519.84 448.71 589.53 -1 -1 -1 -1000 -1000 -1000 -10 0.89
439 108 car -1 -1 -1 618.92 504.18 774.26 617.16 -1 -1 -1 -1000 -1000 -1000 -10 0.95
439 109 car -1 -1 -1 365.89 517.80 452.16 592.84 -1 -1 -1 -1000 -1000 -1000 -10 0.81
440 108 car -1 -1 -1 627.33 497.99 797.57 623.66 -1 -1 -1 -1000 -1000 -1000 -10 0.98
440 109 car -1 -1 -1 365.45 515.47 456.11 595.69 -1 -1 -1 -1000 -1000 -1000 -10 0.88
441 108 car -1 -1 -1 635.76 495.79 822.49 627.97 -1 -1 -1 -1000 -1000 -1000 -10 0.98
441 109 car -1 -1 -1 367.38 519.12 462.52 600.71 -1 -1 -1 -1000 -1000 -1000 -10 0.85
442 108 car -1 -1 -1 639.00 489.15 846.45 634.91 -1 -1 -1 -1000 -1000 -1000 -10 0.96
442 109 car -1 -1 -1 366.76 517.34 464.97 602.83 -1 -1 -1 -1000 -1000 -1000 -10 0.91
443 108 car -1 -1 -1 649.55 482.31 869.64 637.54 -1 -1 -1 -1000 -1000 -1000 -10 0.97
443 109 car -1 -1 -1 370.98 511.23 470.97 597.37 -1 -1 -1 -1000 -1000 -1000 -10 0.86
444 108 car -1 -1 -1 655.21 483.34 897.36 651.97 -1 -1 -1 -1000 -1000 -1000 -10 0.96
444 109 car -1 -1 -1 374.55 516.41 480.65 604.31 -1 -1 -1 -1000 -1000 -1000 -10 0.89
445 108 car -1 -1 -1 666.80 469.56 923.09 653.07 -1 -1 -1 -1000 -1000 -1000 -10 0.97
445 109 car -1 -1 -1 378.99 510.04 487.95 601.98 -1 -1 -1 -1000 -1000 -1000 -10 0.89
446 108 car -1 -1 -1 674.66 467.56 951.54 664.81 -1 -1 -1 -1000 -1000 -1000 -10 0.96
446 109 car -1 -1 -1 380.53 511.28 493.42 600.68 -1 -1 -1 -1000 -1000 -1000 -10 0.90
447 108 car -1 -1 -1 675.04 469.60 964.54 674.63 -1 -1 -1 -1000 -1000 -1000 -10 0.95
447 109 car -1 -1 -1 380.58 515.33 492.05 605.69 -1 -1 -1 -1000 -1000 -1000 -10 0.93
448 108 car -1 -1 -1 663.13 466.93 973.09 677.34 -1 -1 -1 -1000 -1000 -1000 -10 0.94
448 109 car -1 -1 -1 375.38 515.17 484.59 604.94 -1 -1 -1 -1000 -1000 -1000 -10 0.93
449 108 car -1 -1 -1 653.54 462.44 962.13 672.83 -1 -1 -1 -1000 -1000 -1000 -10 0.95
449 109 car -1 -1 -1 370.84 512.84 475.22 599.93 -1 -1 -1 -1000 -1000 -1000 -10 0.91
450 108 car -1 -1 -1 649.43 467.93 955.25 676.49 -1 -1 -1 -1000 -1000 -1000 -10 0.94
450 109 car -1 -1 -1 367.03 513.50 466.60 599.43 -1 -1 -1 -1000 -1000 -1000 -10 0.92
450 110 car -1 -1 -1 579.87 537.96 611.99 562.72 -1 -1 -1 -1000 -1000 -1000 -10 0.40
451 108 car -1 -1 -1 650.93 472.46 948.09 661.32 -1 -1 -1 -1000 -1000 -1000 -10 0.95
451 109 car -1 -1 -1 363.43 513.14 460.40 596.72 -1 -1 -1 -1000 -1000 -1000 -10 0.93
451 110 car -1 -1 -1 556.81 536.66 585.90 561.68 -1 -1 -1 -1000 -1000 -1000 -10 0.58
452 108 car -1 -1 -1 648.30 472.66 931.69 659.81 -1 -1 -1 -1000 -1000 -1000 -10 0.96
452 109 car -1 -1 -1 364.81 514.48 454.97 595.49 -1 -1 -1 -1000 -1000 -1000 -10 0.90
452 110 car -1 -1 -1 534.18 535.93 563.66 560.73 -1 -1 -1 -1000 -1000 -1000 -10 0.35
453 108 car -1 -1 -1 649.66 476.85 919.25 655.06 -1 -1 -1 -1000 -1000 -1000 -10 0.97
453 109 car -1 -1 -1 364.03 514.99 454.41 596.82 -1 -1 -1 -1000 -1000 -1000 -10 0.89
454 108 car -1 -1 -1 657.45 483.99 917.69 647.40 -1 -1 -1 -1000 -1000 -1000 -10 0.95
454 109 car -1 -1 -1 365.78 519.57 458.17 598.13 -1 -1 -1 -1000 -1000 -1000 -10 0.88
455 108 car -1 -1 -1 672.54 482.70 930.09 638.10 -1 -1 -1 -1000 -1000 -1000 -10 0.97
455 109 car -1 -1 -1 373.16 518.57 461.54 594.87 -1 -1 -1 -1000 -1000 -1000 -10 0.84
456 108 car -1 -1 -1 699.63 484.42 937.64 626.50 -1 -1 -1 -1000 -1000 -1000 -10 0.97
456 109 car -1 -1 -1 378.37 517.10 464.36 588.94 -1 -1 -1 -1000 -1000 -1000 -10 0.86
457 108 car -1 -1 -1 720.20 489.53 943.72 622.05 -1 -1 -1 -1000 -1000 -1000 -10 0.96
457 109 car -1 -1 -1 377.77 517.65 465.00 591.23 -1 -1 -1 -1000 -1000 -1000 -10 0.91
458 108 car -1 -1 -1 733.38 499.98 942.46 618.25 -1 -1 -1 -1000 -1000 -1000 -10 0.94
458 109 car -1 -1 -1 381.91 520.17 467.36 593.08 -1 -1 -1 -1000 -1000 -1000 -10 0.88
458 111 car -1 -1 -1 454.96 536.80 483.33 561.28 -1 -1 -1 -1000 -1000 -1000 -10 0.39
459 108 car -1 -1 -1 747.76 503.11 936.80 610.76 -1 -1 -1 -1000 -1000 -1000 -10 0.94
459 109 car -1 -1 -1 382.07 521.93 476.15 595.59 -1 -1 -1 -1000 -1000 -1000 -10 0.89
459 112 car -1 -1 -1 1488.62 351.22 1888.93 817.94 -1 -1 -1 -1000 -1000 -1000 -10 0.52
460 109 car -1 -1 -1 392.09 519.50 480.64 592.06 -1 -1 -1 -1000 -1000 -1000 -10 0.95
460 108 car -1 -1 -1 749.83 503.49 927.99 605.61 -1 -1 -1 -1000 -1000 -1000 -10 0.93
460 112 car -1 -1 -1 1155.59 392.03 1910.57 776.98 -1 -1 -1 -1000 -1000 -1000 -10 0.87
461 109 car -1 -1 -1 398.93 519.82 486.28 591.31 -1 -1 -1 -1000 -1000 -1000 -10 0.95
461 108 car -1 -1 -1 754.23 507.26 911.72 601.91 -1 -1 -1 -1000 -1000 -1000 -10 0.93
461 112 car -1 -1 -1 997.13 435.89 1553.11 710.40 -1 -1 -1 -1000 -1000 -1000 -10 0.92
462 109 car -1 -1 -1 408.50 520.26 498.10 591.93 -1 -1 -1 -1000 -1000 -1000 -10 0.94
462 112 car -1 -1 -1 891.52 450.73 1299.33 671.19 -1 -1 -1 -1000 -1000 -1000 -10 0.93
462 108 car -1 -1 -1 753.81 516.99 894.85 590.39 -1 -1 -1 -1000 -1000 -1000 -10 0.70
463 112 car -1 -1 -1 822.73 470.32 1139.68 650.83 -1 -1 -1 -1000 -1000 -1000 -10 0.93
463 109 car -1 -1 -1 421.75 520.44 511.42 593.28 -1 -1 -1 -1000 -1000 -1000 -10 0.92
463 108 car -1 -1 -1 746.92 517.63 856.37 593.09 -1 -1 -1 -1000 -1000 -1000 -10 0.49
463 113 car -1 -1 -1 403.98 530.39 439.95 560.04 -1 -1 -1 -1000 -1000 -1000 -10 0.50
464 109 car -1 -1 -1 435.63 518.05 530.16 592.49 -1 -1 -1 -1000 -1000 -1000 -10 0.96
464 112 car -1 -1 -1 762.99 481.28 1030.59 628.33 -1 -1 -1 -1000 -1000 -1000 -10 0.95
464 113 car -1 -1 -1 396.39 527.78 430.16 561.79 -1 -1 -1 -1000 -1000 -1000 -10 0.45
465 112 car -1 -1 -1 741.79 489.78 958.47 618.07 -1 -1 -1 -1000 -1000 -1000 -10 0.95
465 109 car -1 -1 -1 452.39 522.03 552.03 596.29 -1 -1 -1 -1000 -1000 -1000 -10 0.95
465 113 car -1 -1 -1 391.47 531.86 423.84 563.24 -1 -1 -1 -1000 -1000 -1000 -10 0.64
466 112 car -1 -1 -1 727.94 498.67 911.70 610.06 -1 -1 -1 -1000 -1000 -1000 -10 0.96
466 109 car -1 -1 -1 469.40 521.92 576.56 597.36 -1 -1 -1 -1000 -1000 -1000 -10 0.92
466 113 car -1 -1 -1 389.25 532.50 419.59 564.28 -1 -1 -1 -1000 -1000 -1000 -10 0.66
467 112 car -1 -1 -1 714.01 506.00 876.58 604.10 -1 -1 -1 -1000 -1000 -1000 -10 0.95
467 109 car -1 -1 -1 490.58 521.19 603.24 599.90 -1 -1 -1 -1000 -1000 -1000 -10 0.93
467 113 car -1 -1 -1 384.35 532.41 417.91 564.69 -1 -1 -1 -1000 -1000 -1000 -10 0.67
468 109 car -1 -1 -1 513.49 517.39 634.46 599.96 -1 -1 -1 -1000 -1000 -1000 -10 0.93
468 112 car -1 -1 -1 705.30 507.09 845.11 594.64 -1 -1 -1 -1000 -1000 -1000 -10 0.87
468 113 car -1 -1 -1 380.91 527.66 412.77 561.27 -1 -1 -1 -1000 -1000 -1000 -10 0.59
469 109 car -1 -1 -1 531.23 518.15 664.47 602.97 -1 -1 -1 -1000 -1000 -1000 -10 0.95
469 112 car -1 -1 -1 684.34 514.97 822.96 593.60 -1 -1 -1 -1000 -1000 -1000 -10 0.87
469 113 car -1 -1 -1 369.06 531.71 402.94 565.57 -1 -1 -1 -1000 -1000 -1000 -10 0.70
469 114 car -1 -1 -1 489.73 540.92 515.62 560.24 -1 -1 -1 -1000 -1000 -1000 -10 0.36
470 109 car -1 -1 -1 555.45 512.84 700.36 598.42 -1 -1 -1 -1000 -1000 -1000 -10 0.61
470 112 car -1 -1 -1 687.80 514.20 785.01 586.16 -1 -1 -1 -1000 -1000 -1000 -10 0.61
470 113 car -1 -1 -1 366.72 527.94 393.67 557.91 -1 -1 -1 -1000 -1000 -1000 -10 0.54
471 112 car -1 -1 -1 750.32 529.46 816.93 578.88 -1 -1 -1 -1000 -1000 -1000 -10 0.40
471 109 car -1 -1 -1 574.80 511.95 774.09 621.00 -1 -1 -1 -1000 -1000 -1000 -10 0.36
