0 1 car -1 -1 -1 753.19 698.16 850.70 770.98 -1 -1 -1 -1000 -1000 -1000 -10 0.83
1 1 car -1 -1 -1 753.21 696.77 852.50 770.77 -1 -1 -1 -1000 -1000 -1000 -10 0.75
1 2 car -1 -1 -1 1112.10 681.95 1173.74 718.23 -1 -1 -1 -1000 -1000 -1000 -10 0.36
2 1 car -1 -1 -1 752.83 698.33 852.90 773.81 -1 -1 -1 -1000 -1000 -1000 -10 0.77
3 1 car -1 -1 -1 755.87 698.81 853.91 772.71 -1 -1 -1 -1000 -1000 -1000 -10 0.64
3 3 car -1 -1 -1 1122.74 685.78 1188.28 724.85 -1 -1 -1 -1000 -1000 -1000 -10 0.36
4 1 car -1 -1 -1 756.26 698.67 854.83 772.53 -1 -1 -1 -1000 -1000 -1000 -10 0.77
4 3 car -1 -1 -1 1131.50 682.99 1199.98 725.56 -1 -1 -1 -1000 -1000 -1000 -10 0.53
5 1 car -1 -1 -1 752.74 697.11 852.58 775.06 -1 -1 -1 -1000 -1000 -1000 -10 0.75
5 3 car -1 -1 -1 1139.29 680.08 1217.39 728.39 -1 -1 -1 -1000 -1000 -1000 -10 0.68
6 1 car -1 -1 -1 751.38 697.91 852.61 774.84 -1 -1 -1 -1000 -1000 -1000 -10 0.69
6 3 car -1 -1 -1 1144.31 681.57 1228.77 731.45 -1 -1 -1 -1000 -1000 -1000 -10 0.60
6 4 car -1 -1 -1 1024.85 666.99 1079.12 719.31 -1 -1 -1 -1000 -1000 -1000 -10 0.47
7 1 car -1 -1 -1 747.91 697.19 851.64 775.55 -1 -1 -1 -1000 -1000 -1000 -10 0.77
7 3 car -1 -1 -1 1157.84 676.58 1257.27 735.80 -1 -1 -1 -1000 -1000 -1000 -10 0.77
8 3 car -1 -1 -1 1169.64 672.75 1283.77 739.41 -1 -1 -1 -1000 -1000 -1000 -10 0.87
8 1 car -1 -1 -1 743.02 695.74 849.80 776.94 -1 -1 -1 -1000 -1000 -1000 -10 0.74
8 5 car -1 -1 -1 1028.32 663.87 1090.97 721.46 -1 -1 -1 -1000 -1000 -1000 -10 0.37
9 3 car -1 -1 -1 1186.88 669.31 1312.90 743.69 -1 -1 -1 -1000 -1000 -1000 -10 0.79
9 1 car -1 -1 -1 739.65 697.62 848.87 780.40 -1 -1 -1 -1000 -1000 -1000 -10 0.76
9 5 car -1 -1 -1 1031.58 661.05 1099.54 725.74 -1 -1 -1 -1000 -1000 -1000 -10 0.38
10 3 car -1 -1 -1 1209.65 667.93 1356.11 754.59 -1 -1 -1 -1000 -1000 -1000 -10 0.85
10 1 car -1 -1 -1 738.67 698.74 847.92 783.07 -1 -1 -1 -1000 -1000 -1000 -10 0.77
10 5 car -1 -1 -1 1038.26 667.97 1104.56 728.80 -1 -1 -1 -1000 -1000 -1000 -10 0.48
11 3 car -1 -1 -1 1231.92 661.54 1399.74 759.65 -1 -1 -1 -1000 -1000 -1000 -10 0.88
11 1 car -1 -1 -1 735.50 699.65 844.60 783.67 -1 -1 -1 -1000 -1000 -1000 -10 0.76
12 1 car -1 -1 -1 729.62 696.77 845.48 783.31 -1 -1 -1 -1000 -1000 -1000 -10 0.85
12 3 car -1 -1 -1 1267.79 649.75 1460.72 762.92 -1 -1 -1 -1000 -1000 -1000 -10 0.83
12 6 car -1 -1 -1 1048.70 668.00 1115.81 727.35 -1 -1 -1 -1000 -1000 -1000 -10 0.33
13 3 car -1 -1 -1 1305.77 637.28 1544.68 773.12 -1 -1 -1 -1000 -1000 -1000 -10 0.93
13 1 car -1 -1 -1 725.38 695.77 840.71 782.86 -1 -1 -1 -1000 -1000 -1000 -10 0.81
13 6 car -1 -1 -1 1046.06 657.27 1121.94 729.70 -1 -1 -1 -1000 -1000 -1000 -10 0.46
13 7 car -1 -1 -1 934.04 700.06 955.96 721.94 -1 -1 -1 -1000 -1000 -1000 -10 0.33
14 3 car -1 -1 -1 1389.10 614.07 1677.36 772.42 -1 -1 -1 -1000 -1000 -1000 -10 0.81
14 1 car -1 -1 -1 717.45 692.70 833.98 780.29 -1 -1 -1 -1000 -1000 -1000 -10 0.77
14 6 car -1 -1 -1 1055.69 657.48 1131.66 729.30 -1 -1 -1 -1000 -1000 -1000 -10 0.36
15 1 car -1 -1 -1 709.98 692.50 831.08 786.58 -1 -1 -1 -1000 -1000 -1000 -10 0.82
15 3 car -1 -1 -1 1485.80 564.72 1879.40 784.55 -1 -1 -1 -1000 -1000 -1000 -10 0.69
15 6 car -1 -1 -1 1051.91 661.83 1139.08 733.24 -1 -1 -1 -1000 -1000 -1000 -10 0.39
16 1 car -1 -1 -1 703.38 695.79 825.41 786.91 -1 -1 -1 -1000 -1000 -1000 -10 0.79
16 3 car -1 -1 -1 1662.43 482.29 1895.12 819.03 -1 -1 -1 -1000 -1000 -1000 -10 0.42
16 6 car -1 -1 -1 1058.22 657.71 1155.30 737.15 -1 -1 -1 -1000 -1000 -1000 -10 0.33
17 1 car -1 -1 -1 695.21 695.26 820.45 787.89 -1 -1 -1 -1000 -1000 -1000 -10 0.83
18 1 car -1 -1 -1 685.13 693.28 816.83 788.03 -1 -1 -1 -1000 -1000 -1000 -10 0.85
19 1 car -1 -1 -1 674.49 694.08 809.04 787.50 -1 -1 -1 -1000 -1000 -1000 -10 0.86
20 1 car -1 -1 -1 666.96 695.06 804.35 788.45 -1 -1 -1 -1000 -1000 -1000 -10 0.82
21 1 car -1 -1 -1 659.11 694.08 798.99 788.67 -1 -1 -1 -1000 -1000 -1000 -10 0.86
21 8 car -1 -1 -1 1096.35 626.99 1227.27 757.15 -1 -1 -1 -1000 -1000 -1000 -10 0.32
22 1 car -1 -1 -1 643.07 691.85 793.08 789.50 -1 -1 -1 -1000 -1000 -1000 -10 0.85
23 1 car -1 -1 -1 637.16 690.35 786.58 788.97 -1 -1 -1 -1000 -1000 -1000 -10 0.81
24 1 car -1 -1 -1 613.81 689.91 774.65 789.18 -1 -1 -1 -1000 -1000 -1000 -10 0.80
24 9 car -1 -1 -1 1123.45 579.34 1331.06 781.16 -1 -1 -1 -1000 -1000 -1000 -10 0.31
25 1 car -1 -1 -1 604.06 690.35 770.74 788.40 -1 -1 -1 -1000 -1000 -1000 -10 0.86
26 1 car -1 -1 -1 580.86 690.05 758.32 789.53 -1 -1 -1 -1000 -1000 -1000 -10 0.79
26 10 car -1 -1 -1 867.01 711.68 891.31 733.31 -1 -1 -1 -1000 -1000 -1000 -10 0.32
27 1 car -1 -1 -1 563.85 689.53 749.41 788.64 -1 -1 -1 -1000 -1000 -1000 -10 0.81
28 1 car -1 -1 -1 545.63 688.16 741.96 790.06 -1 -1 -1 -1000 -1000 -1000 -10 0.80
29 1 car -1 -1 -1 520.95 687.77 734.90 790.97 -1 -1 -1 -1000 -1000 -1000 -10 0.80
30 1 car -1 -1 -1 501.43 687.63 730.05 790.19 -1 -1 -1 -1000 -1000 -1000 -10 0.78
31 1 car -1 -1 -1 481.56 688.74 723.45 790.34 -1 -1 -1 -1000 -1000 -1000 -10 0.86
31 11 car -1 -1 -1 865.00 712.17 889.11 733.37 -1 -1 -1 -1000 -1000 -1000 -10 0.34
32 1 car -1 -1 -1 456.55 683.03 711.53 789.68 -1 -1 -1 -1000 -1000 -1000 -10 0.82
33 1 car -1 -1 -1 414.50 679.62 696.22 790.90 -1 -1 -1 -1000 -1000 -1000 -10 0.86
34 1 car -1 -1 -1 385.13 679.07 687.92 791.24 -1 -1 -1 -1000 -1000 -1000 -10 0.89
35 1 car -1 -1 -1 346.16 678.18 678.22 790.98 -1 -1 -1 -1000 -1000 -1000 -10 0.84
36 1 car -1 -1 -1 312.61 678.04 664.01 790.30 -1 -1 -1 -1000 -1000 -1000 -10 0.81
36 12 car -1 -1 -1 848.90 711.01 875.69 735.01 -1 -1 -1 -1000 -1000 -1000 -10 0.35
37 1 car -1 -1 -1 270.57 670.39 647.54 788.59 -1 -1 -1 -1000 -1000 -1000 -10 0.80
37 12 car -1 -1 -1 845.98 710.79 871.63 733.81 -1 -1 -1 -1000 -1000 -1000 -10 0.31
38 1 car -1 -1 -1 230.69 669.10 626.39 788.01 -1 -1 -1 -1000 -1000 -1000 -10 0.81
39 1 car -1 -1 -1 180.07 661.65 605.76 786.04 -1 -1 -1 -1000 -1000 -1000 -10 0.69
39 13 car -1 -1 -1 900.78 705.88 931.67 735.07 -1 -1 -1 -1000 -1000 -1000 -10 0.34
40 1 car -1 -1 -1 142.94 660.27 570.42 787.43 -1 -1 -1 -1000 -1000 -1000 -10 0.75
40 13 car -1 -1 -1 894.18 704.35 928.61 736.35 -1 -1 -1 -1000 -1000 -1000 -10 0.40
40 14 car -1 -1 -1 966.77 700.44 998.43 731.39 -1 -1 -1 -1000 -1000 -1000 -10 0.30
41 1 car -1 -1 -1 61.16 656.57 532.52 788.84 -1 -1 -1 -1000 -1000 -1000 -10 0.78
41 13 car -1 -1 -1 888.47 704.51 922.69 736.57 -1 -1 -1 -1000 -1000 -1000 -10 0.40
41 14 car -1 -1 -1 962.22 700.29 997.03 731.64 -1 -1 -1 -1000 -1000 -1000 -10 0.31
42 1 car -1 -1 -1 -3.09 644.47 488.26 789.05 -1 -1 -1 -1000 -1000 -1000 -10 0.61
42 14 car -1 -1 -1 958.13 699.41 994.30 733.89 -1 -1 -1 -1000 -1000 -1000 -10 0.46
42 13 car -1 -1 -1 882.48 705.20 916.23 736.08 -1 -1 -1 -1000 -1000 -1000 -10 0.42
43 1 car -1 -1 -1 8.49 637.38 440.19 784.95 -1 -1 -1 -1000 -1000 -1000 -10 0.54
43 14 car -1 -1 -1 956.21 697.83 992.52 733.75 -1 -1 -1 -1000 -1000 -1000 -10 0.51
43 13 car -1 -1 -1 878.04 705.18 911.07 735.81 -1 -1 -1 -1000 -1000 -1000 -10 0.30
44 14 car -1 -1 -1 951.57 698.13 990.35 734.87 -1 -1 -1 -1000 -1000 -1000 -10 0.47
44 1 car -1 -1 -1 -6.85 617.98 396.36 792.30 -1 -1 -1 -1000 -1000 -1000 -10 0.45
44 13 car -1 -1 -1 873.43 705.52 906.51 736.16 -1 -1 -1 -1000 -1000 -1000 -10 0.33
45 14 car -1 -1 -1 949.98 696.95 989.45 735.52 -1 -1 -1 -1000 -1000 -1000 -10 0.61
45 13 car -1 -1 -1 867.42 705.50 901.58 737.13 -1 -1 -1 -1000 -1000 -1000 -10 0.37
46 14 car -1 -1 -1 948.08 697.86 988.10 736.14 -1 -1 -1 -1000 -1000 -1000 -10 0.57
46 13 car -1 -1 -1 861.57 704.62 898.28 738.28 -1 -1 -1 -1000 -1000 -1000 -10 0.50
47 14 car -1 -1 -1 945.88 698.23 987.93 737.75 -1 -1 -1 -1000 -1000 -1000 -10 0.52
47 13 car -1 -1 -1 858.91 707.09 894.64 738.98 -1 -1 -1 -1000 -1000 -1000 -10 0.46
48 14 car -1 -1 -1 942.76 696.46 987.20 738.39 -1 -1 -1 -1000 -1000 -1000 -10 0.57
48 13 car -1 -1 -1 853.79 706.72 890.06 739.06 -1 -1 -1 -1000 -1000 -1000 -10 0.54
48 15 car -1 -1 -1 920.82 704.41 945.39 728.64 -1 -1 -1 -1000 -1000 -1000 -10 0.32
49 14 car -1 -1 -1 939.91 695.59 985.51 739.06 -1 -1 -1 -1000 -1000 -1000 -10 0.74
49 13 car -1 -1 -1 846.41 704.41 884.77 739.86 -1 -1 -1 -1000 -1000 -1000 -10 0.61
49 15 car -1 -1 -1 915.89 702.99 941.81 729.81 -1 -1 -1 -1000 -1000 -1000 -10 0.30
50 13 car -1 -1 -1 840.38 706.84 877.67 741.30 -1 -1 -1 -1000 -1000 -1000 -10 0.57
50 14 car -1 -1 -1 935.51 696.35 985.32 741.18 -1 -1 -1 -1000 -1000 -1000 -10 0.51
50 15 car -1 -1 -1 912.43 704.43 941.64 732.26 -1 -1 -1 -1000 -1000 -1000 -10 0.42
51 13 car -1 -1 -1 834.53 706.51 872.94 741.63 -1 -1 -1 -1000 -1000 -1000 -10 0.53
51 14 car -1 -1 -1 933.16 694.58 983.25 742.64 -1 -1 -1 -1000 -1000 -1000 -10 0.53
52 14 car -1 -1 -1 932.14 693.89 984.32 743.08 -1 -1 -1 -1000 -1000 -1000 -10 0.60
52 13 car -1 -1 -1 830.20 706.97 870.17 741.74 -1 -1 -1 -1000 -1000 -1000 -10 0.50
53 14 car -1 -1 -1 932.55 692.63 985.58 743.81 -1 -1 -1 -1000 -1000 -1000 -10 0.66
53 13 car -1 -1 -1 826.94 705.51 868.47 740.72 -1 -1 -1 -1000 -1000 -1000 -10 0.62
54 14 car -1 -1 -1 932.56 694.71 985.44 747.22 -1 -1 -1 -1000 -1000 -1000 -10 0.60
54 13 car -1 -1 -1 822.81 705.95 866.47 743.09 -1 -1 -1 -1000 -1000 -1000 -10 0.46
55 13 car -1 -1 -1 820.69 706.14 864.01 742.72 -1 -1 -1 -1000 -1000 -1000 -10 0.60
55 14 car -1 -1 -1 931.48 691.80 986.67 750.23 -1 -1 -1 -1000 -1000 -1000 -10 0.56
56 14 car -1 -1 -1 931.47 688.71 989.56 748.33 -1 -1 -1 -1000 -1000 -1000 -10 0.66
56 13 car -1 -1 -1 815.16 704.60 862.04 743.87 -1 -1 -1 -1000 -1000 -1000 -10 0.55
57 14 car -1 -1 -1 929.99 686.20 991.31 750.81 -1 -1 -1 -1000 -1000 -1000 -10 0.73
57 13 car -1 -1 -1 811.27 704.07 859.92 743.44 -1 -1 -1 -1000 -1000 -1000 -10 0.70
58 14 car -1 -1 -1 929.77 687.74 993.06 755.27 -1 -1 -1 -1000 -1000 -1000 -10 0.80
58 13 car -1 -1 -1 809.01 706.54 857.07 746.85 -1 -1 -1 -1000 -1000 -1000 -10 0.55
58 16 car -1 -1 -1 904.55 701.64 937.53 734.89 -1 -1 -1 -1000 -1000 -1000 -10 0.44
59 14 car -1 -1 -1 929.65 683.11 998.45 754.79 -1 -1 -1 -1000 -1000 -1000 -10 0.79
59 13 car -1 -1 -1 803.73 704.60 855.91 745.38 -1 -1 -1 -1000 -1000 -1000 -10 0.65
59 16 car -1 -1 -1 904.03 700.31 937.39 733.94 -1 -1 -1 -1000 -1000 -1000 -10 0.45
60 14 car -1 -1 -1 929.28 680.52 1000.02 755.85 -1 -1 -1 -1000 -1000 -1000 -10 0.84
60 13 car -1 -1 -1 799.93 703.40 853.39 744.59 -1 -1 -1 -1000 -1000 -1000 -10 0.61
60 16 car -1 -1 -1 900.23 697.88 938.53 735.22 -1 -1 -1 -1000 -1000 -1000 -10 0.58
61 14 car -1 -1 -1 928.18 680.91 1001.21 756.34 -1 -1 -1 -1000 -1000 -1000 -10 0.83
61 13 car -1 -1 -1 796.77 702.39 851.90 745.36 -1 -1 -1 -1000 -1000 -1000 -10 0.72
61 16 car -1 -1 -1 898.55 696.89 939.82 735.38 -1 -1 -1 -1000 -1000 -1000 -10 0.58
62 14 car -1 -1 -1 927.05 683.64 1002.41 763.92 -1 -1 -1 -1000 -1000 -1000 -10 0.85
62 13 car -1 -1 -1 794.29 705.72 847.88 750.54 -1 -1 -1 -1000 -1000 -1000 -10 0.66
62 16 car -1 -1 -1 898.10 702.47 939.90 738.68 -1 -1 -1 -1000 -1000 -1000 -10 0.36
63 13 car -1 -1 -1 792.35 707.37 846.48 750.70 -1 -1 -1 -1000 -1000 -1000 -10 0.80
63 14 car -1 -1 -1 927.46 682.26 1006.67 767.26 -1 -1 -1 -1000 -1000 -1000 -10 0.78
63 16 car -1 -1 -1 898.12 702.48 934.96 739.44 -1 -1 -1 -1000 -1000 -1000 -10 0.56
64 14 car -1 -1 -1 926.00 678.33 1008.69 769.12 -1 -1 -1 -1000 -1000 -1000 -10 0.87
64 13 car -1 -1 -1 789.81 705.66 844.84 748.26 -1 -1 -1 -1000 -1000 -1000 -10 0.63
64 16 car -1 -1 -1 895.22 699.01 935.18 738.29 -1 -1 -1 -1000 -1000 -1000 -10 0.58
65 14 car -1 -1 -1 925.35 674.50 1012.54 770.94 -1 -1 -1 -1000 -1000 -1000 -10 0.92
65 16 car -1 -1 -1 895.37 696.78 934.01 736.71 -1 -1 -1 -1000 -1000 -1000 -10 0.70
65 13 car -1 -1 -1 785.86 701.83 843.48 747.01 -1 -1 -1 -1000 -1000 -1000 -10 0.62
66 14 car -1 -1 -1 925.45 673.38 1013.58 772.11 -1 -1 -1 -1000 -1000 -1000 -10 0.93
66 13 car -1 -1 -1 783.96 702.30 842.27 747.53 -1 -1 -1 -1000 -1000 -1000 -10 0.65
66 16 car -1 -1 -1 892.70 698.31 933.24 738.12 -1 -1 -1 -1000 -1000 -1000 -10 0.59
67 14 car -1 -1 -1 922.17 675.01 1015.55 779.15 -1 -1 -1 -1000 -1000 -1000 -10 0.92
67 13 car -1 -1 -1 781.91 705.23 839.09 748.24 -1 -1 -1 -1000 -1000 -1000 -10 0.47
67 16 car -1 -1 -1 889.10 700.27 929.65 740.83 -1 -1 -1 -1000 -1000 -1000 -10 0.43
68 14 car -1 -1 -1 919.56 669.21 1018.08 784.92 -1 -1 -1 -1000 -1000 -1000 -10 0.87
68 13 car -1 -1 -1 776.02 702.47 836.36 747.64 -1 -1 -1 -1000 -1000 -1000 -10 0.63
68 16 car -1 -1 -1 885.63 697.29 927.94 739.60 -1 -1 -1 -1000 -1000 -1000 -10 0.58
69 14 car -1 -1 -1 913.67 670.75 1019.64 786.85 -1 -1 -1 -1000 -1000 -1000 -10 0.87
69 16 car -1 -1 -1 882.26 701.54 922.94 742.43 -1 -1 -1 -1000 -1000 -1000 -10 0.69
69 13 car -1 -1 -1 773.19 704.72 832.77 750.93 -1 -1 -1 -1000 -1000 -1000 -10 0.68
70 14 car -1 -1 -1 910.78 664.52 1018.07 784.19 -1 -1 -1 -1000 -1000 -1000 -10 0.86
70 13 car -1 -1 -1 771.55 700.70 830.54 744.41 -1 -1 -1 -1000 -1000 -1000 -10 0.77
70 16 car -1 -1 -1 877.80 694.98 919.32 737.20 -1 -1 -1 -1000 -1000 -1000 -10 0.57
70 17 car -1 -1 -1 733.85 709.31 773.02 737.90 -1 -1 -1 -1000 -1000 -1000 -10 0.40
71 14 car -1 -1 -1 903.61 666.73 1018.09 787.70 -1 -1 -1 -1000 -1000 -1000 -10 0.76
71 13 car -1 -1 -1 767.48 701.74 829.86 746.34 -1 -1 -1 -1000 -1000 -1000 -10 0.59
71 16 car -1 -1 -1 873.51 697.26 915.79 739.08 -1 -1 -1 -1000 -1000 -1000 -10 0.42
71 17 car -1 -1 -1 733.16 708.59 773.81 739.34 -1 -1 -1 -1000 -1000 -1000 -10 0.34
72 14 car -1 -1 -1 896.51 665.07 1014.85 783.62 -1 -1 -1 -1000 -1000 -1000 -10 0.85
72 16 car -1 -1 -1 870.34 696.29 914.53 740.59 -1 -1 -1 -1000 -1000 -1000 -10 0.65
72 13 car -1 -1 -1 767.55 701.46 826.48 745.69 -1 -1 -1 -1000 -1000 -1000 -10 0.51
72 17 car -1 -1 -1 732.38 707.76 773.05 738.73 -1 -1 -1 -1000 -1000 -1000 -10 0.33
73 14 car -1 -1 -1 889.92 668.26 1013.61 786.90 -1 -1 -1 -1000 -1000 -1000 -10 0.80
73 13 car -1 -1 -1 765.40 701.90 826.18 747.03 -1 -1 -1 -1000 -1000 -1000 -10 0.71
73 16 car -1 -1 -1 867.18 698.65 911.43 742.50 -1 -1 -1 -1000 -1000 -1000 -10 0.54
74 14 car -1 -1 -1 882.14 665.92 1008.68 781.84 -1 -1 -1 -1000 -1000 -1000 -10 0.78
74 13 car -1 -1 -1 765.60 702.20 825.10 746.68 -1 -1 -1 -1000 -1000 -1000 -10 0.66
74 16 car -1 -1 -1 864.87 699.32 905.33 742.39 -1 -1 -1 -1000 -1000 -1000 -10 0.57
75 14 car -1 -1 -1 877.86 661.74 1009.99 784.24 -1 -1 -1 -1000 -1000 -1000 -10 0.80
75 13 car -1 -1 -1 766.51 701.13 824.94 744.86 -1 -1 -1 -1000 -1000 -1000 -10 0.72
75 16 car -1 -1 -1 859.62 696.60 906.63 739.85 -1 -1 -1 -1000 -1000 -1000 -10 0.61
76 13 car -1 -1 -1 766.92 700.54 824.48 744.57 -1 -1 -1 -1000 -1000 -1000 -10 0.79
76 14 car -1 -1 -1 869.98 659.70 1008.62 785.04 -1 -1 -1 -1000 -1000 -1000 -10 0.65
76 16 car -1 -1 -1 856.68 696.01 899.06 740.76 -1 -1 -1 -1000 -1000 -1000 -10 0.52
77 13 car -1 -1 -1 768.99 701.32 824.17 743.79 -1 -1 -1 -1000 -1000 -1000 -10 0.62
77 14 car -1 -1 -1 864.51 657.53 1010.69 787.07 -1 -1 -1 -1000 -1000 -1000 -10 0.59
77 16 car -1 -1 -1 855.06 699.05 890.95 736.60 -1 -1 -1 -1000 -1000 -1000 -10 0.33
77 18 car -1 -1 -1 -6.61 609.72 107.75 812.22 -1 -1 -1 -1000 -1000 -1000 -10 0.31
78 13 car -1 -1 -1 771.84 701.59 827.02 743.26 -1 -1 -1 -1000 -1000 -1000 -10 0.68
78 14 car -1 -1 -1 862.17 652.07 1004.83 780.80 -1 -1 -1 -1000 -1000 -1000 -10 0.50
79 13 car -1 -1 -1 774.95 703.74 829.07 745.81 -1 -1 -1 -1000 -1000 -1000 -10 0.58
79 14 car -1 -1 -1 861.54 653.57 1005.43 780.61 -1 -1 -1 -1000 -1000 -1000 -10 0.56
79 19 car -1 -1 -1 -0.51 632.88 211.14 801.23 -1 -1 -1 -1000 -1000 -1000 -10 0.40
79 20 car -1 -1 -1 747.39 710.85 781.61 737.00 -1 -1 -1 -1000 -1000 -1000 -10 0.33
80 19 car -1 -1 -1 5.81 645.90 252.66 788.75 -1 -1 -1 -1000 -1000 -1000 -10 0.63
80 14 car -1 -1 -1 862.37 656.23 1002.30 778.17 -1 -1 -1 -1000 -1000 -1000 -10 0.53
80 13 car -1 -1 -1 777.52 704.94 828.26 745.26 -1 -1 -1 -1000 -1000 -1000 -10 0.43
81 19 car -1 -1 -1 40.81 661.23 301.35 784.06 -1 -1 -1 -1000 -1000 -1000 -10 0.74
81 14 car -1 -1 -1 859.21 651.91 1004.61 780.46 -1 -1 -1 -1000 -1000 -1000 -10 0.72
81 13 car -1 -1 -1 779.20 703.64 831.01 743.68 -1 -1 -1 -1000 -1000 -1000 -10 0.60
81 21 car -1 -1 -1 755.54 711.00 786.50 734.92 -1 -1 -1 -1000 -1000 -1000 -10 0.38
82 19 car -1 -1 -1 91.39 671.99 335.75 783.99 -1 -1 -1 -1000 -1000 -1000 -10 0.75
82 13 car -1 -1 -1 781.02 703.74 831.82 742.29 -1 -1 -1 -1000 -1000 -1000 -10 0.71
82 14 car -1 -1 -1 860.54 653.60 1004.98 778.39 -1 -1 -1 -1000 -1000 -1000 -10 0.65
82 21 car -1 -1 -1 757.84 710.32 787.66 733.20 -1 -1 -1 -1000 -1000 -1000 -10 0.33
83 19 car -1 -1 -1 147.75 674.74 384.17 783.22 -1 -1 -1 -1000 -1000 -1000 -10 0.85
83 14 car -1 -1 -1 861.83 652.28 1003.70 780.83 -1 -1 -1 -1000 -1000 -1000 -10 0.68
83 13 car -1 -1 -1 783.86 705.24 832.69 742.88 -1 -1 -1 -1000 -1000 -1000 -10 0.55
83 21 car -1 -1 -1 759.90 710.89 793.16 737.18 -1 -1 -1 -1000 -1000 -1000 -10 0.35
84 19 car -1 -1 -1 213.04 683.63 415.41 785.40 -1 -1 -1 -1000 -1000 -1000 -10 0.88
84 14 car -1 -1 -1 862.36 653.24 1003.37 780.03 -1 -1 -1 -1000 -1000 -1000 -10 0.72
84 13 car -1 -1 -1 783.49 702.61 833.93 741.63 -1 -1 -1 -1000 -1000 -1000 -10 0.58
85 19 car -1 -1 -1 261.83 692.83 455.24 786.15 -1 -1 -1 -1000 -1000 -1000 -10 0.78
85 14 car -1 -1 -1 856.70 655.87 1009.42 787.43 -1 -1 -1 -1000 -1000 -1000 -10 0.74
85 13 car -1 -1 -1 786.27 708.16 835.26 744.70 -1 -1 -1 -1000 -1000 -1000 -10 0.37
85 22 car -1 -1 -1 767.57 714.42 796.44 739.10 -1 -1 -1 -1000 -1000 -1000 -10 0.30
86 19 car -1 -1 -1 308.87 692.68 487.62 786.18 -1 -1 -1 -1000 -1000 -1000 -10 0.89
86 14 car -1 -1 -1 857.71 658.31 1008.85 784.91 -1 -1 -1 -1000 -1000 -1000 -10 0.67
86 13 car -1 -1 -1 788.41 706.14 833.68 741.55 -1 -1 -1 -1000 -1000 -1000 -10 0.32
87 19 car -1 -1 -1 353.23 690.52 513.26 781.03 -1 -1 -1 -1000 -1000 -1000 -10 0.83
87 14 car -1 -1 -1 859.34 656.88 1006.59 787.11 -1 -1 -1 -1000 -1000 -1000 -10 0.65
87 13 car -1 -1 -1 787.80 703.01 834.22 738.03 -1 -1 -1 -1000 -1000 -1000 -10 0.40
87 23 car -1 -1 -1 839.50 694.29 879.45 738.81 -1 -1 -1 -1000 -1000 -1000 -10 0.31
88 19 car -1 -1 -1 388.23 697.60 541.19 781.18 -1 -1 -1 -1000 -1000 -1000 -10 0.80
88 14 car -1 -1 -1 858.84 656.08 1006.61 788.19 -1 -1 -1 -1000 -1000 -1000 -10 0.70
88 13 car -1 -1 -1 789.01 706.03 833.49 741.60 -1 -1 -1 -1000 -1000 -1000 -10 0.49
88 23 car -1 -1 -1 833.14 698.59 877.22 745.94 -1 -1 -1 -1000 -1000 -1000 -10 0.48
89 19 car -1 -1 -1 415.51 695.63 562.59 776.78 -1 -1 -1 -1000 -1000 -1000 -10 0.89
89 14 car -1 -1 -1 864.81 653.80 999.25 780.16 -1 -1 -1 -1000 -1000 -1000 -10 0.59
89 13 car -1 -1 -1 787.00 704.86 830.64 738.82 -1 -1 -1 -1000 -1000 -1000 -10 0.36
90 19 car -1 -1 -1 446.45 699.11 581.03 774.46 -1 -1 -1 -1000 -1000 -1000 -10 0.80
90 14 car -1 -1 -1 863.68 657.82 999.58 787.24 -1 -1 -1 -1000 -1000 -1000 -10 0.54
90 13 car -1 -1 -1 787.47 706.90 828.50 740.39 -1 -1 -1 -1000 -1000 -1000 -10 0.48
90 24 car -1 -1 -1 827.47 698.06 870.36 747.07 -1 -1 -1 -1000 -1000 -1000 -10 0.51
91 19 car -1 -1 -1 475.57 705.06 598.99 772.59 -1 -1 -1 -1000 -1000 -1000 -10 0.82
91 14 car -1 -1 -1 859.05 657.14 994.40 787.50 -1 -1 -1 -1000 -1000 -1000 -10 0.58
91 13 car -1 -1 -1 788.13 707.09 825.84 739.16 -1 -1 -1 -1000 -1000 -1000 -10 0.44
91 24 car -1 -1 -1 826.81 699.40 867.71 745.96 -1 -1 -1 -1000 -1000 -1000 -10 0.40
92 19 car -1 -1 -1 507.03 707.74 616.58 770.20 -1 -1 -1 -1000 -1000 -1000 -10 0.84
92 14 car -1 -1 -1 852.36 657.39 987.80 787.68 -1 -1 -1 -1000 -1000 -1000 -10 0.63
92 24 car -1 -1 -1 823.06 701.32 864.83 745.27 -1 -1 -1 -1000 -1000 -1000 -10 0.37
92 13 car -1 -1 -1 787.48 708.18 825.65 739.72 -1 -1 -1 -1000 -1000 -1000 -10 0.32
93 19 car -1 -1 -1 533.28 705.46 633.47 767.04 -1 -1 -1 -1000 -1000 -1000 -10 0.69
93 14 car -1 -1 -1 851.53 659.92 978.63 783.93 -1 -1 -1 -1000 -1000 -1000 -10 0.57
93 24 car -1 -1 -1 821.13 700.31 864.99 746.27 -1 -1 -1 -1000 -1000 -1000 -10 0.44
94 14 car -1 -1 -1 844.08 667.33 985.18 787.74 -1 -1 -1 -1000 -1000 -1000 -10 0.67
94 19 car -1 -1 -1 552.41 710.67 645.49 766.98 -1 -1 -1 -1000 -1000 -1000 -10 0.62
94 24 car -1 -1 -1 819.36 699.85 864.83 747.67 -1 -1 -1 -1000 -1000 -1000 -10 0.37
95 19 car -1 -1 -1 574.37 707.52 658.50 758.22 -1 -1 -1 -1000 -1000 -1000 -10 0.75
95 14 car -1 -1 -1 846.75 659.04 980.74 786.27 -1 -1 -1 -1000 -1000 -1000 -10 0.67
95 24 car -1 -1 -1 820.75 696.77 864.18 745.69 -1 -1 -1 -1000 -1000 -1000 -10 0.58
95 25 car -1 -1 -1 790.58 702.15 825.83 734.07 -1 -1 -1 -1000 -1000 -1000 -10 0.32
96 19 car -1 -1 -1 595.12 709.04 672.26 757.26 -1 -1 -1 -1000 -1000 -1000 -10 0.75
96 24 car -1 -1 -1 820.19 698.54 865.87 746.21 -1 -1 -1 -1000 -1000 -1000 -10 0.67
96 14 car -1 -1 -1 848.22 663.06 971.22 782.51 -1 -1 -1 -1000 -1000 -1000 -10 0.58
96 25 car -1 -1 -1 792.92 705.27 828.32 736.82 -1 -1 -1 -1000 -1000 -1000 -10 0.36
97 14 car -1 -1 -1 846.34 661.76 972.73 783.80 -1 -1 -1 -1000 -1000 -1000 -10 0.63
97 19 car -1 -1 -1 605.98 706.59 685.02 754.00 -1 -1 -1 -1000 -1000 -1000 -10 0.56
97 24 car -1 -1 -1 820.69 698.17 863.74 745.28 -1 -1 -1 -1000 -1000 -1000 -10 0.45
97 25 car -1 -1 -1 796.24 703.96 827.93 732.89 -1 -1 -1 -1000 -1000 -1000 -10 0.33
98 19 car -1 -1 -1 622.88 710.83 692.74 754.41 -1 -1 -1 -1000 -1000 -1000 -10 0.68
98 24 car -1 -1 -1 819.17 698.45 866.23 746.40 -1 -1 -1 -1000 -1000 -1000 -10 0.66
98 14 car -1 -1 -1 847.27 663.89 972.77 782.30 -1 -1 -1 -1000 -1000 -1000 -10 0.65
98 25 car -1 -1 -1 796.89 705.35 830.01 737.54 -1 -1 -1 -1000 -1000 -1000 -10 0.37
99 14 car -1 -1 -1 849.23 664.44 969.53 781.19 -1 -1 -1 -1000 -1000 -1000 -10 0.66
99 24 car -1 -1 -1 819.42 698.22 864.32 746.07 -1 -1 -1 -1000 -1000 -1000 -10 0.61
99 19 car -1 -1 -1 633.68 708.65 702.59 753.02 -1 -1 -1 -1000 -1000 -1000 -10 0.53
99 25 car -1 -1 -1 801.02 705.52 832.37 736.87 -1 -1 -1 -1000 -1000 -1000 -10 0.39
100 14 car -1 -1 -1 857.55 667.44 971.27 778.96 -1 -1 -1 -1000 -1000 -1000 -10 0.60
100 24 car -1 -1 -1 820.14 700.94 863.40 746.33 -1 -1 -1 -1000 -1000 -1000 -10 0.49
100 19 car -1 -1 -1 648.49 713.19 709.29 751.93 -1 -1 -1 -1000 -1000 -1000 -10 0.42
101 14 car -1 -1 -1 861.78 671.94 978.39 783.98 -1 -1 -1 -1000 -1000 -1000 -10 0.52
101 24 car -1 -1 -1 819.81 701.61 864.27 744.99 -1 -1 -1 -1000 -1000 -1000 -10 0.48
101 19 car -1 -1 -1 658.77 710.36 718.17 750.53 -1 -1 -1 -1000 -1000 -1000 -10 0.43
101 26 car -1 -1 -1 804.76 708.41 832.77 737.10 -1 -1 -1 -1000 -1000 -1000 -10 0.38
102 14 car -1 -1 -1 859.60 672.48 980.58 784.29 -1 -1 -1 -1000 -1000 -1000 -10 0.67
102 24 car -1 -1 -1 818.55 700.63 866.72 742.13 -1 -1 -1 -1000 -1000 -1000 -10 0.49
102 19 car -1 -1 -1 669.81 711.27 723.72 746.43 -1 -1 -1 -1000 -1000 -1000 -10 0.49
103 14 car -1 -1 -1 870.61 672.53 983.42 783.47 -1 -1 -1 -1000 -1000 -1000 -10 0.54
103 19 car -1 -1 -1 678.35 711.67 728.10 744.32 -1 -1 -1 -1000 -1000 -1000 -10 0.44
103 24 car -1 -1 -1 819.69 702.35 863.26 741.21 -1 -1 -1 -1000 -1000 -1000 -10 0.36
104 14 car -1 -1 -1 873.57 673.57 992.07 782.78 -1 -1 -1 -1000 -1000 -1000 -10 0.62
104 19 car -1 -1 -1 685.06 711.82 736.22 746.89 -1 -1 -1 -1000 -1000 -1000 -10 0.56
104 24 car -1 -1 -1 819.58 703.40 862.29 742.22 -1 -1 -1 -1000 -1000 -1000 -10 0.43
104 27 car -1 -1 -1 -20.65 665.53 529.69 781.03 -1 -1 -1 -1000 -1000 -1000 -10 0.47
105 14 car -1 -1 -1 880.06 675.61 997.25 782.40 -1 -1 -1 -1000 -1000 -1000 -10 0.60
105 24 car -1 -1 -1 818.70 702.37 862.16 742.51 -1 -1 -1 -1000 -1000 -1000 -10 0.42
105 27 car -1 -1 -1 14.34 679.42 615.12 789.02 -1 -1 -1 -1000 -1000 -1000 -10 0.39
105 19 car -1 -1 -1 693.73 712.66 737.52 743.89 -1 -1 -1 -1000 -1000 -1000 -10 0.35
106 24 car -1 -1 -1 816.07 701.21 858.55 739.99 -1 -1 -1 -1000 -1000 -1000 -10 0.52
106 14 car -1 -1 -1 893.37 670.09 1006.27 787.74 -1 -1 -1 -1000 -1000 -1000 -10 0.49
106 19 car -1 -1 -1 695.28 708.29 741.67 740.73 -1 -1 -1 -1000 -1000 -1000 -10 0.41
106 28 car -1 -1 -1 383.61 695.65 652.81 786.17 -1 -1 -1 -1000 -1000 -1000 -10 0.68
107 28 car -1 -1 -1 483.87 694.85 686.66 787.54 -1 -1 -1 -1000 -1000 -1000 -10 0.87
107 14 car -1 -1 -1 898.77 669.26 1014.18 786.49 -1 -1 -1 -1000 -1000 -1000 -10 0.70
107 24 car -1 -1 -1 814.35 698.70 856.56 737.95 -1 -1 -1 -1000 -1000 -1000 -10 0.57
107 19 car -1 -1 -1 700.44 708.04 744.56 736.49 -1 -1 -1 -1000 -1000 -1000 -10 0.36
107 29 car -1 -1 -1 71.91 686.59 400.79 784.24 -1 -1 -1 -1000 -1000 -1000 -10 0.42
108 28 car -1 -1 -1 551.74 703.17 715.48 790.18 -1 -1 -1 -1000 -1000 -1000 -10 0.89
108 14 car -1 -1 -1 911.48 670.17 1026.54 785.68 -1 -1 -1 -1000 -1000 -1000 -10 0.70
108 29 car -1 -1 -1 144.27 697.60 437.81 784.95 -1 -1 -1 -1000 -1000 -1000 -10 0.49
108 24 car -1 -1 -1 813.26 702.11 852.61 740.89 -1 -1 -1 -1000 -1000 -1000 -10 0.44
108 19 car -1 -1 -1 700.58 708.80 748.57 739.85 -1 -1 -1 -1000 -1000 -1000 -10 0.42
109 28 car -1 -1 -1 600.23 699.26 734.70 784.46 -1 -1 -1 -1000 -1000 -1000 -10 0.83
109 14 car -1 -1 -1 930.47 663.16 1045.24 783.47 -1 -1 -1 -1000 -1000 -1000 -10 0.71
109 24 car -1 -1 -1 809.98 697.26 850.08 735.38 -1 -1 -1 -1000 -1000 -1000 -10 0.59
109 29 car -1 -1 -1 204.09 694.39 461.76 788.09 -1 -1 -1 -1000 -1000 -1000 -10 0.52
109 19 car -1 -1 -1 705.83 704.92 751.21 737.38 -1 -1 -1 -1000 -1000 -1000 -10 0.43
110 14 car -1 -1 -1 941.78 663.04 1056.81 782.55 -1 -1 -1 -1000 -1000 -1000 -10 0.88
110 28 car -1 -1 -1 632.14 704.94 742.51 773.45 -1 -1 -1 -1000 -1000 -1000 -10 0.77
110 24 car -1 -1 -1 806.34 697.98 844.22 736.11 -1 -1 -1 -1000 -1000 -1000 -10 0.60
110 29 car -1 -1 -1 251.62 701.70 486.62 790.00 -1 -1 -1 -1000 -1000 -1000 -10 0.50
111 14 car -1 -1 -1 944.44 662.67 1061.65 781.67 -1 -1 -1 -1000 -1000 -1000 -10 0.88
111 28 car -1 -1 -1 644.64 703.47 738.73 763.96 -1 -1 -1 -1000 -1000 -1000 -10 0.72
111 24 car -1 -1 -1 795.83 697.50 832.02 734.86 -1 -1 -1 -1000 -1000 -1000 -10 0.54
111 29 car -1 -1 -1 289.22 697.51 485.70 785.43 -1 -1 -1 -1000 -1000 -1000 -10 0.49
112 14 car -1 -1 -1 944.87 664.65 1055.89 781.62 -1 -1 -1 -1000 -1000 -1000 -10 0.88
112 28 car -1 -1 -1 644.14 706.92 725.60 759.97 -1 -1 -1 -1000 -1000 -1000 -10 0.65
112 24 car -1 -1 -1 777.26 700.86 811.89 735.72 -1 -1 -1 -1000 -1000 -1000 -10 0.45
113 14 car -1 -1 -1 939.29 662.14 1049.49 774.30 -1 -1 -1 -1000 -1000 -1000 -10 0.79
113 28 car -1 -1 -1 638.18 706.22 711.15 754.35 -1 -1 -1 -1000 -1000 -1000 -10 0.65
113 24 car -1 -1 -1 762.01 699.34 795.41 734.19 -1 -1 -1 -1000 -1000 -1000 -10 0.44
113 30 car -1 -1 -1 320.95 705.75 489.23 785.87 -1 -1 -1 -1000 -1000 -1000 -10 0.31
114 14 car -1 -1 -1 928.84 667.93 1045.99 788.51 -1 -1 -1 -1000 -1000 -1000 -10 0.88
114 28 car -1 -1 -1 628.65 709.97 693.28 756.00 -1 -1 -1 -1000 -1000 -1000 -10 0.50
114 24 car -1 -1 -1 741.91 705.90 774.97 739.99 -1 -1 -1 -1000 -1000 -1000 -10 0.50
114 30 car -1 -1 -1 324.42 706.64 485.68 785.28 -1 -1 -1 -1000 -1000 -1000 -10 0.41
115 14 car -1 -1 -1 918.96 667.84 1031.07 781.45 -1 -1 -1 -1000 -1000 -1000 -10 0.90
115 28 car -1 -1 -1 614.98 703.72 674.05 744.92 -1 -1 -1 -1000 -1000 -1000 -10 0.50
115 24 car -1 -1 -1 719.79 700.07 752.67 733.81 -1 -1 -1 -1000 -1000 -1000 -10 0.34
116 14 car -1 -1 -1 897.63 670.34 1014.24 788.09 -1 -1 -1 -1000 -1000 -1000 -10 0.93
116 28 car -1 -1 -1 601.30 701.91 654.01 739.34 -1 -1 -1 -1000 -1000 -1000 -10 0.59
116 24 car -1 -1 -1 697.11 698.45 733.01 732.24 -1 -1 -1 -1000 -1000 -1000 -10 0.33
116 31 car -1 -1 -1 295.27 687.01 466.96 758.54 -1 -1 -1 -1000 -1000 -1000 -10 0.48
117 14 car -1 -1 -1 865.22 674.64 987.44 792.49 -1 -1 -1 -1000 -1000 -1000 -10 0.76
117 31 car -1 -1 -1 309.75 682.08 453.60 751.62 -1 -1 -1 -1000 -1000 -1000 -10 0.70
117 28 car -1 -1 -1 586.25 698.13 633.60 732.74 -1 -1 -1 -1000 -1000 -1000 -10 0.39
117 24 car -1 -1 -1 672.67 695.06 704.35 727.98 -1 -1 -1 -1000 -1000 -1000 -10 0.30
118 31 car -1 -1 -1 318.81 686.23 454.05 755.95 -1 -1 -1 -1000 -1000 -1000 -10 0.77
118 14 car -1 -1 -1 843.84 674.55 961.66 784.96 -1 -1 -1 -1000 -1000 -1000 -10 0.70
118 28 car -1 -1 -1 582.17 699.97 624.57 731.79 -1 -1 -1 -1000 -1000 -1000 -10 0.32
119 31 car -1 -1 -1 334.70 692.33 449.54 752.21 -1 -1 -1 -1000 -1000 -1000 -10 0.68
119 14 car -1 -1 -1 823.98 675.39 944.17 784.13 -1 -1 -1 -1000 -1000 -1000 -10 0.65
120 14 car -1 -1 -1 818.74 673.15 930.31 785.07 -1 -1 -1 -1000 -1000 -1000 -10 0.86
121 14 car -1 -1 -1 808.17 668.38 924.82 780.21 -1 -1 -1 -1000 -1000 -1000 -10 0.79
122 14 car -1 -1 -1 815.28 673.35 922.46 783.35 -1 -1 -1 -1000 -1000 -1000 -10 0.85
123 14 car -1 -1 -1 825.81 677.55 927.63 781.83 -1 -1 -1 -1000 -1000 -1000 -10 0.81
124 14 car -1 -1 -1 834.95 678.42 938.89 782.67 -1 -1 -1 -1000 -1000 -1000 -10 0.78
125 14 car -1 -1 -1 851.30 682.27 951.78 785.61 -1 -1 -1 -1000 -1000 -1000 -10 0.90
126 14 car -1 -1 -1 865.75 677.70 961.67 777.12 -1 -1 -1 -1000 -1000 -1000 -10 0.86
127 14 car -1 -1 -1 874.74 679.78 971.11 777.48 -1 -1 -1 -1000 -1000 -1000 -10 0.84
128 14 car -1 -1 -1 884.33 677.35 973.82 770.31 -1 -1 -1 -1000 -1000 -1000 -10 0.84
129 14 car -1 -1 -1 891.01 680.73 978.70 774.37 -1 -1 -1 -1000 -1000 -1000 -10 0.87
130 14 car -1 -1 -1 895.98 681.15 981.18 773.65 -1 -1 -1 -1000 -1000 -1000 -10 0.90
131 14 car -1 -1 -1 902.01 679.67 985.56 767.09 -1 -1 -1 -1000 -1000 -1000 -10 0.89
132 14 car -1 -1 -1 910.39 684.53 990.72 770.51 -1 -1 -1 -1000 -1000 -1000 -10 0.85
133 14 car -1 -1 -1 918.94 685.09 997.10 768.62 -1 -1 -1 -1000 -1000 -1000 -10 0.77
134 14 car -1 -1 -1 926.65 684.43 1001.95 763.80 -1 -1 -1 -1000 -1000 -1000 -10 0.86
135 14 car -1 -1 -1 933.63 686.12 1006.49 762.38 -1 -1 -1 -1000 -1000 -1000 -10 0.82
136 14 car -1 -1 -1 940.21 683.87 1010.26 759.64 -1 -1 -1 -1000 -1000 -1000 -10 0.82
137 14 car -1 -1 -1 944.73 684.27 1016.11 759.77 -1 -1 -1 -1000 -1000 -1000 -10 0.84
138 14 car -1 -1 -1 949.06 686.91 1020.07 758.41 -1 -1 -1 -1000 -1000 -1000 -10 0.71
139 14 car -1 -1 -1 956.36 685.94 1021.25 756.78 -1 -1 -1 -1000 -1000 -1000 -10 0.67
140 14 car -1 -1 -1 957.95 687.57 1024.16 756.03 -1 -1 -1 -1000 -1000 -1000 -10 0.73
141 14 car -1 -1 -1 959.60 688.17 1024.49 755.58 -1 -1 -1 -1000 -1000 -1000 -10 0.76
142 14 car -1 -1 -1 960.47 684.44 1026.76 750.97 -1 -1 -1 -1000 -1000 -1000 -10 0.82
143 14 car -1 -1 -1 961.85 687.24 1027.04 755.45 -1 -1 -1 -1000 -1000 -1000 -10 0.72
144 14 car -1 -1 -1 963.19 683.37 1029.86 749.86 -1 -1 -1 -1000 -1000 -1000 -10 0.76
145 14 car -1 -1 -1 965.76 690.51 1031.18 755.26 -1 -1 -1 -1000 -1000 -1000 -10 0.81
146 14 car -1 -1 -1 969.19 690.42 1033.14 752.80 -1 -1 -1 -1000 -1000 -1000 -10 0.58
147 14 car -1 -1 -1 972.88 687.14 1038.28 749.77 -1 -1 -1 -1000 -1000 -1000 -10 0.76
148 14 car -1 -1 -1 979.49 690.99 1041.26 750.78 -1 -1 -1 -1000 -1000 -1000 -10 0.61
149 14 car -1 -1 -1 983.05 690.23 1046.55 751.40 -1 -1 -1 -1000 -1000 -1000 -10 0.58
150 14 car -1 -1 -1 988.52 687.46 1052.37 746.27 -1 -1 -1 -1000 -1000 -1000 -10 0.54
151 14 car -1 -1 -1 992.68 685.47 1056.93 745.82 -1 -1 -1 -1000 -1000 -1000 -10 0.64
152 14 car -1 -1 -1 997.38 687.70 1061.61 746.66 -1 -1 -1 -1000 -1000 -1000 -10 0.76
153 14 car -1 -1 -1 1002.01 688.56 1065.88 746.59 -1 -1 -1 -1000 -1000 -1000 -10 0.71
154 14 car -1 -1 -1 1004.88 687.73 1069.49 746.05 -1 -1 -1 -1000 -1000 -1000 -10 0.67
155 14 car -1 -1 -1 1010.13 685.99 1074.71 745.98 -1 -1 -1 -1000 -1000 -1000 -10 0.79
156 14 car -1 -1 -1 1015.96 686.37 1079.39 744.63 -1 -1 -1 -1000 -1000 -1000 -10 0.79
157 14 car -1 -1 -1 1018.00 686.30 1080.09 742.85 -1 -1 -1 -1000 -1000 -1000 -10 0.59
158 14 car -1 -1 -1 1020.61 687.06 1082.16 742.34 -1 -1 -1 -1000 -1000 -1000 -10 0.66
159 14 car -1 -1 -1 1021.87 686.86 1084.21 742.35 -1 -1 -1 -1000 -1000 -1000 -10 0.74
160 14 car -1 -1 -1 1022.70 683.37 1083.68 738.13 -1 -1 -1 -1000 -1000 -1000 -10 0.86
161 14 car -1 -1 -1 1019.87 684.34 1080.62 740.13 -1 -1 -1 -1000 -1000 -1000 -10 0.63
162 14 car -1 -1 -1 1017.14 684.84 1078.19 739.33 -1 -1 -1 -1000 -1000 -1000 -10 0.84
163 14 car -1 -1 -1 1012.98 682.42 1072.34 736.00 -1 -1 -1 -1000 -1000 -1000 -10 0.79
164 14 car -1 -1 -1 1008.66 684.16 1069.06 737.82 -1 -1 -1 -1000 -1000 -1000 -10 0.76
165 14 car -1 -1 -1 1004.57 684.76 1064.33 737.32 -1 -1 -1 -1000 -1000 -1000 -10 0.86
166 14 car -1 -1 -1 1001.12 686.66 1058.09 738.57 -1 -1 -1 -1000 -1000 -1000 -10 0.64
167 14 car -1 -1 -1 998.36 689.07 1052.56 741.56 -1 -1 -1 -1000 -1000 -1000 -10 0.51
168 14 car -1 -1 -1 994.47 683.43 1048.65 733.82 -1 -1 -1 -1000 -1000 -1000 -10 0.71
169 14 car -1 -1 -1 990.89 685.51 1046.89 735.65 -1 -1 -1 -1000 -1000 -1000 -10 0.70
170 14 car -1 -1 -1 989.43 687.15 1042.43 734.38 -1 -1 -1 -1000 -1000 -1000 -10 0.76
171 14 car -1 -1 -1 990.17 686.52 1039.03 730.90 -1 -1 -1 -1000 -1000 -1000 -10 0.41
172 14 car -1 -1 -1 986.74 685.86 1036.25 731.51 -1 -1 -1 -1000 -1000 -1000 -10 0.68
173 14 car -1 -1 -1 985.96 687.66 1032.09 730.48 -1 -1 -1 -1000 -1000 -1000 -10 0.53
174 14 car -1 -1 -1 982.69 684.70 1030.23 728.84 -1 -1 -1 -1000 -1000 -1000 -10 0.44
175 14 car -1 -1 -1 980.41 685.01 1026.28 727.39 -1 -1 -1 -1000 -1000 -1000 -10 0.60
176 14 car -1 -1 -1 978.37 687.73 1021.61 729.74 -1 -1 -1 -1000 -1000 -1000 -10 0.57
177 14 car -1 -1 -1 977.23 690.76 1018.96 729.82 -1 -1 -1 -1000 -1000 -1000 -10 0.48
179 32 car -1 -1 -1 971.87 685.74 1012.45 724.91 -1 -1 -1 -1000 -1000 -1000 -10 0.64
180 32 car -1 -1 -1 971.49 689.26 1009.63 727.83 -1 -1 -1 -1000 -1000 -1000 -10 0.44
181 32 car -1 -1 -1 968.99 687.25 1009.63 724.06 -1 -1 -1 -1000 -1000 -1000 -10 0.49
184 33 car -1 -1 -1 985.04 690.87 1020.38 720.10 -1 -1 -1 -1000 -1000 -1000 -10 0.34
186 34 car -1 -1 -1 1011.29 691.58 1045.19 719.70 -1 -1 -1 -1000 -1000 -1000 -10 0.30
187 34 car -1 -1 -1 1029.85 685.21 1063.16 713.86 -1 -1 -1 -1000 -1000 -1000 -10 0.31
242 35 car -1 -1 -1 1051.26 699.12 1086.48 725.99 -1 -1 -1 -1000 -1000 -1000 -10 0.34
243 35 car -1 -1 -1 1057.39 697.36 1092.02 723.76 -1 -1 -1 -1000 -1000 -1000 -10 0.34
244 35 car -1 -1 -1 1062.36 695.82 1098.61 723.45 -1 -1 -1 -1000 -1000 -1000 -10 0.42
245 35 car -1 -1 -1 1063.48 697.01 1105.90 727.29 -1 -1 -1 -1000 -1000 -1000 -10 0.40
246 35 car -1 -1 -1 1071.09 692.67 1114.66 725.49 -1 -1 -1 -1000 -1000 -1000 -10 0.57
247 35 car -1 -1 -1 1075.91 693.10 1123.99 727.78 -1 -1 -1 -1000 -1000 -1000 -10 0.79
248 35 car -1 -1 -1 1083.50 691.89 1132.38 728.46 -1 -1 -1 -1000 -1000 -1000 -10 0.69
249 35 car -1 -1 -1 1090.40 695.22 1143.61 733.68 -1 -1 -1 -1000 -1000 -1000 -10 0.54
250 35 car -1 -1 -1 1096.70 690.69 1157.89 731.45 -1 -1 -1 -1000 -1000 -1000 -10 0.59
251 35 car -1 -1 -1 1110.24 689.05 1175.60 734.42 -1 -1 -1 -1000 -1000 -1000 -10 0.82
252 35 car -1 -1 -1 1127.19 684.59 1198.69 733.42 -1 -1 -1 -1000 -1000 -1000 -10 0.83
253 35 car -1 -1 -1 1145.30 682.23 1228.36 737.60 -1 -1 -1 -1000 -1000 -1000 -10 0.88
254 35 car -1 -1 -1 1165.71 677.91 1265.83 740.60 -1 -1 -1 -1000 -1000 -1000 -10 0.91
255 35 car -1 -1 -1 1194.46 668.13 1315.65 743.86 -1 -1 -1 -1000 -1000 -1000 -10 0.88
256 35 car -1 -1 -1 1231.80 660.41 1378.29 747.19 -1 -1 -1 -1000 -1000 -1000 -10 0.93
257 35 car -1 -1 -1 1279.92 657.66 1446.79 754.59 -1 -1 -1 -1000 -1000 -1000 -10 0.81
258 35 car -1 -1 -1 1338.37 645.10 1546.71 762.16 -1 -1 -1 -1000 -1000 -1000 -10 0.80
259 35 car -1 -1 -1 1430.54 610.36 1682.46 753.11 -1 -1 -1 -1000 -1000 -1000 -10 0.68
260 35 car -1 -1 -1 1565.71 510.90 1896.75 790.50 -1 -1 -1 -1000 -1000 -1000 -10 0.37
263 36 car -1 -1 -1 1059.40 704.06 1096.96 732.30 -1 -1 -1 -1000 -1000 -1000 -10 0.30
264 36 car -1 -1 -1 1070.95 703.70 1109.05 731.59 -1 -1 -1 -1000 -1000 -1000 -10 0.35
265 36 car -1 -1 -1 1082.59 702.08 1126.84 732.70 -1 -1 -1 -1000 -1000 -1000 -10 0.63
266 36 car -1 -1 -1 1095.90 699.67 1142.79 731.32 -1 -1 -1 -1000 -1000 -1000 -10 0.61
267 36 car -1 -1 -1 1110.76 696.82 1167.11 733.80 -1 -1 -1 -1000 -1000 -1000 -10 0.65
268 36 car -1 -1 -1 1128.85 694.77 1195.94 738.61 -1 -1 -1 -1000 -1000 -1000 -10 0.83
269 36 car -1 -1 -1 1155.83 689.34 1234.27 740.30 -1 -1 -1 -1000 -1000 -1000 -10 0.83
270 36 car -1 -1 -1 1184.32 685.35 1279.86 743.51 -1 -1 -1 -1000 -1000 -1000 -10 0.83
271 36 car -1 -1 -1 1217.61 681.02 1333.65 749.49 -1 -1 -1 -1000 -1000 -1000 -10 0.92
272 36 car -1 -1 -1 1271.25 671.76 1422.09 751.79 -1 -1 -1 -1000 -1000 -1000 -10 0.87
273 36 car -1 -1 -1 1354.21 657.71 1541.80 753.44 -1 -1 -1 -1000 -1000 -1000 -10 0.84
275 37 car -1 -1 -1 1669.05 562.24 1912.62 787.40 -1 -1 -1 -1000 -1000 -1000 -10 0.31
297 38 car -1 -1 -1 771.88 705.96 815.70 738.07 -1 -1 -1 -1000 -1000 -1000 -10 0.39
298 38 car -1 -1 -1 787.96 709.65 826.50 738.00 -1 -1 -1 -1000 -1000 -1000 -10 0.41
299 38 car -1 -1 -1 811.39 705.97 846.66 731.75 -1 -1 -1 -1000 -1000 -1000 -10 0.33
300 38 car -1 -1 -1 836.28 709.93 869.33 735.04 -1 -1 -1 -1000 -1000 -1000 -10 0.33
300 39 car -1 -1 -1 729.70 714.84 766.71 740.22 -1 -1 -1 -1000 -1000 -1000 -10 0.31
301 38 car -1 -1 -1 857.10 708.08 889.24 735.24 -1 -1 -1 -1000 -1000 -1000 -10 0.39
301 39 car -1 -1 -1 754.17 714.00 787.01 739.71 -1 -1 -1 -1000 -1000 -1000 -10 0.37
302 40 car -1 -1 -1 888.70 702.98 919.63 727.70 -1 -1 -1 -1000 -1000 -1000 -10 0.36
303 41 car -1 -1 -1 916.46 698.09 945.78 722.88 -1 -1 -1 -1000 -1000 -1000 -10 0.46
303 42 car -1 -1 -1 813.81 696.63 847.46 727.67 -1 -1 -1 -1000 -1000 -1000 -10 0.36
304 41 car -1 -1 -1 937.10 698.74 965.16 724.08 -1 -1 -1 -1000 -1000 -1000 -10 0.50
304 42 car -1 -1 -1 834.45 701.78 865.02 727.92 -1 -1 -1 -1000 -1000 -1000 -10 0.33
305 41 car -1 -1 -1 948.18 697.60 975.67 720.09 -1 -1 -1 -1000 -1000 -1000 -10 0.32
306 41 car -1 -1 -1 957.86 699.86 987.60 724.98 -1 -1 -1 -1000 -1000 -1000 -10 0.47
306 43 car -1 -1 -1 858.29 702.91 888.01 728.99 -1 -1 -1 -1000 -1000 -1000 -10 0.45
307 41 car -1 -1 -1 967.22 699.88 990.60 721.05 -1 -1 -1 -1000 -1000 -1000 -10 0.39
307 43 car -1 -1 -1 865.74 703.15 893.42 725.79 -1 -1 -1 -1000 -1000 -1000 -10 0.30
308 41 car -1 -1 -1 969.33 700.77 993.94 722.84 -1 -1 -1 -1000 -1000 -1000 -10 0.37
308 44 car -1 -1 -1 50.69 676.21 254.70 780.83 -1 -1 -1 -1000 -1000 -1000 -10 0.41
309 44 car -1 -1 -1 119.08 686.62 330.08 783.32 -1 -1 -1 -1000 -1000 -1000 -10 0.46
309 41 car -1 -1 -1 969.45 707.18 991.41 728.63 -1 -1 -1 -1000 -1000 -1000 -10 0.35
309 45 car -1 -1 -1 870.42 711.23 897.91 734.80 -1 -1 -1 -1000 -1000 -1000 -10 0.46
310 44 car -1 -1 -1 175.00 694.50 371.68 784.45 -1 -1 -1 -1000 -1000 -1000 -10 0.58
311 44 car -1 -1 -1 234.49 685.09 407.60 784.60 -1 -1 -1 -1000 -1000 -1000 -10 0.53
311 46 car -1 -1 -1 957.98 704.84 977.38 727.05 -1 -1 -1 -1000 -1000 -1000 -10 0.43
312 44 car -1 -1 -1 274.17 700.12 441.84 783.67 -1 -1 -1 -1000 -1000 -1000 -10 0.57
312 47 car -1 -1 -1 855.04 710.98 881.99 735.62 -1 -1 -1 -1000 -1000 -1000 -10 0.36
313 44 car -1 -1 -1 313.85 700.16 470.95 782.99 -1 -1 -1 -1000 -1000 -1000 -10 0.58
314 44 car -1 -1 -1 339.42 698.99 493.19 784.50 -1 -1 -1 -1000 -1000 -1000 -10 0.65
314 48 car -1 -1 -1 847.16 710.64 874.11 732.60 -1 -1 -1 -1000 -1000 -1000 -10 0.49
315 44 car -1 -1 -1 364.56 707.29 518.49 784.54 -1 -1 -1 -1000 -1000 -1000 -10 0.85
315 48 car -1 -1 -1 848.20 713.44 875.51 733.57 -1 -1 -1 -1000 -1000 -1000 -10 0.37
316 44 car -1 -1 -1 389.68 706.91 542.68 784.72 -1 -1 -1 -1000 -1000 -1000 -10 0.77
316 48 car -1 -1 -1 851.67 713.45 877.44 733.33 -1 -1 -1 -1000 -1000 -1000 -10 0.35
317 44 car -1 -1 -1 431.73 707.23 573.62 783.46 -1 -1 -1 -1000 -1000 -1000 -10 0.82
318 44 car -1 -1 -1 464.61 709.92 597.66 780.26 -1 -1 -1 -1000 -1000 -1000 -10 0.87
319 44 car -1 -1 -1 491.31 712.19 618.90 780.02 -1 -1 -1 -1000 -1000 -1000 -10 0.87
320 44 car -1 -1 -1 516.35 712.42 632.23 779.28 -1 -1 -1 -1000 -1000 -1000 -10 0.71
320 49 car -1 -1 -1 -5.70 677.79 467.38 780.15 -1 -1 -1 -1000 -1000 -1000 -10 0.49
321 44 car -1 -1 -1 536.96 709.41 654.52 775.71 -1 -1 -1 -1000 -1000 -1000 -10 0.64
321 49 car -1 -1 -1 23.29 684.54 534.49 783.40 -1 -1 -1 -1000 -1000 -1000 -10 0.43
322 44 car -1 -1 -1 552.18 711.53 666.17 771.65 -1 -1 -1 -1000 -1000 -1000 -10 0.56
322 49 car -1 -1 -1 178.40 695.72 583.06 783.74 -1 -1 -1 -1000 -1000 -1000 -10 0.52
323 49 car -1 -1 -1 266.20 694.43 650.70 785.91 -1 -1 -1 -1000 -1000 -1000 -10 0.63
323 44 car -1 -1 -1 570.82 712.34 683.71 768.51 -1 -1 -1 -1000 -1000 -1000 -10 0.32
324 49 car -1 -1 -1 330.07 696.67 658.01 786.15 -1 -1 -1 -1000 -1000 -1000 -10 0.62
325 49 car -1 -1 -1 410.34 698.06 686.76 786.28 -1 -1 -1 -1000 -1000 -1000 -10 0.63
326 49 car -1 -1 -1 462.37 702.18 706.30 788.28 -1 -1 -1 -1000 -1000 -1000 -10 0.69
327 49 car -1 -1 -1 499.71 705.03 729.47 786.12 -1 -1 -1 -1000 -1000 -1000 -10 0.59
328 49 car -1 -1 -1 532.39 704.63 734.83 789.33 -1 -1 -1 -1000 -1000 -1000 -10 0.79
329 49 car -1 -1 -1 559.28 707.09 742.44 788.91 -1 -1 -1 -1000 -1000 -1000 -10 0.84
330 49 car -1 -1 -1 572.96 702.65 752.87 789.28 -1 -1 -1 -1000 -1000 -1000 -10 0.87
331 49 car -1 -1 -1 588.96 701.82 760.31 789.39 -1 -1 -1 -1000 -1000 -1000 -10 0.88
332 49 car -1 -1 -1 608.24 706.03 765.43 789.62 -1 -1 -1 -1000 -1000 -1000 -10 0.87
332 50 car -1 -1 -1 12.67 633.52 256.82 788.15 -1 -1 -1 -1000 -1000 -1000 -10 0.33
333 49 car -1 -1 -1 613.02 709.10 774.38 792.19 -1 -1 -1 -1000 -1000 -1000 -10 0.79
334 49 car -1 -1 -1 624.70 705.62 776.05 789.68 -1 -1 -1 -1000 -1000 -1000 -10 0.84
334 51 car -1 -1 -1 8.07 637.08 262.62 785.11 -1 -1 -1 -1000 -1000 -1000 -10 0.32
335 49 car -1 -1 -1 635.96 706.94 776.47 788.36 -1 -1 -1 -1000 -1000 -1000 -10 0.85
336 49 car -1 -1 -1 634.96 707.33 784.46 787.62 -1 -1 -1 -1000 -1000 -1000 -10 0.82
337 49 car -1 -1 -1 633.25 707.04 786.65 787.76 -1 -1 -1 -1000 -1000 -1000 -10 0.86
338 49 car -1 -1 -1 634.86 708.33 788.28 787.05 -1 -1 -1 -1000 -1000 -1000 -10 0.86
339 49 car -1 -1 -1 642.92 709.64 788.72 786.45 -1 -1 -1 -1000 -1000 -1000 -10 0.77
340 49 car -1 -1 -1 642.25 710.08 789.07 786.17 -1 -1 -1 -1000 -1000 -1000 -10 0.66
340 52 car -1 -1 -1 617.98 719.13 670.87 771.94 -1 -1 -1 -1000 -1000 -1000 -10 0.34
341 49 car -1 -1 -1 642.18 710.45 791.51 785.79 -1 -1 -1 -1000 -1000 -1000 -10 0.76
341 52 car -1 -1 -1 609.52 718.13 669.02 773.07 -1 -1 -1 -1000 -1000 -1000 -10 0.45
342 49 car -1 -1 -1 645.45 712.80 790.76 788.81 -1 -1 -1 -1000 -1000 -1000 -10 0.68
342 52 car -1 -1 -1 602.45 715.45 674.01 775.74 -1 -1 -1 -1000 -1000 -1000 -10 0.64
343 49 car -1 -1 -1 651.99 712.93 793.27 788.72 -1 -1 -1 -1000 -1000 -1000 -10 0.72
343 52 car -1 -1 -1 597.07 712.83 669.03 776.50 -1 -1 -1 -1000 -1000 -1000 -10 0.52
344 49 car -1 -1 -1 655.74 712.42 792.74 789.28 -1 -1 -1 -1000 -1000 -1000 -10 0.76
344 52 car -1 -1 -1 588.73 713.17 666.15 776.62 -1 -1 -1 -1000 -1000 -1000 -10 0.65
345 49 car -1 -1 -1 653.16 714.18 791.12 787.71 -1 -1 -1 -1000 -1000 -1000 -10 0.72
345 52 car -1 -1 -1 584.54 711.59 667.49 777.89 -1 -1 -1 -1000 -1000 -1000 -10 0.67
346 52 car -1 -1 -1 576.32 711.04 664.72 778.66 -1 -1 -1 -1000 -1000 -1000 -10 0.75
346 49 car -1 -1 -1 654.79 714.52 790.66 787.39 -1 -1 -1 -1000 -1000 -1000 -10 0.70
347 49 car -1 -1 -1 655.62 713.69 791.68 788.54 -1 -1 -1 -1000 -1000 -1000 -10 0.78
347 52 car -1 -1 -1 573.97 709.85 655.43 775.27 -1 -1 -1 -1000 -1000 -1000 -10 0.66
348 49 car -1 -1 -1 654.33 708.80 790.65 788.89 -1 -1 -1 -1000 -1000 -1000 -10 0.83
348 52 car -1 -1 -1 562.57 711.69 652.84 777.99 -1 -1 -1 -1000 -1000 -1000 -10 0.73
349 49 car -1 -1 -1 652.13 713.71 794.08 788.62 -1 -1 -1 -1000 -1000 -1000 -10 0.80
349 52 car -1 -1 -1 555.43 713.48 640.51 778.76 -1 -1 -1 -1000 -1000 -1000 -10 0.71
350 49 car -1 -1 -1 650.38 712.09 795.55 789.71 -1 -1 -1 -1000 -1000 -1000 -10 0.80
350 52 car -1 -1 -1 544.76 714.72 638.01 779.35 -1 -1 -1 -1000 -1000 -1000 -10 0.62
351 49 car -1 -1 -1 649.39 708.22 793.52 788.18 -1 -1 -1 -1000 -1000 -1000 -10 0.84
351 52 car -1 -1 -1 531.48 710.32 638.27 779.96 -1 -1 -1 -1000 -1000 -1000 -10 0.68
351 53 car -1 -1 -1 940.46 707.62 958.36 726.62 -1 -1 -1 -1000 -1000 -1000 -10 0.30
352 49 car -1 -1 -1 646.14 708.20 790.06 787.10 -1 -1 -1 -1000 -1000 -1000 -10 0.84
352 52 car -1 -1 -1 522.73 710.58 621.78 779.60 -1 -1 -1 -1000 -1000 -1000 -10 0.71
352 53 car -1 -1 -1 941.26 706.60 959.63 726.38 -1 -1 -1 -1000 -1000 -1000 -10 0.42
353 49 car -1 -1 -1 643.34 707.21 790.40 788.89 -1 -1 -1 -1000 -1000 -1000 -10 0.87
353 52 car -1 -1 -1 508.29 710.74 625.20 780.68 -1 -1 -1 -1000 -1000 -1000 -10 0.74
353 53 car -1 -1 -1 942.63 706.90 960.33 726.84 -1 -1 -1 -1000 -1000 -1000 -10 0.41
354 49 car -1 -1 -1 638.45 708.69 783.89 787.58 -1 -1 -1 -1000 -1000 -1000 -10 0.77
354 52 car -1 -1 -1 497.08 710.76 623.37 782.68 -1 -1 -1 -1000 -1000 -1000 -10 0.77
355 52 car -1 -1 -1 482.87 708.93 614.27 784.80 -1 -1 -1 -1000 -1000 -1000 -10 0.80
355 49 car -1 -1 -1 633.61 707.68 786.21 789.50 -1 -1 -1 -1000 -1000 -1000 -10 0.79
356 49 car -1 -1 -1 628.22 707.70 780.92 788.62 -1 -1 -1 -1000 -1000 -1000 -10 0.83
356 52 car -1 -1 -1 468.02 707.60 603.78 784.19 -1 -1 -1 -1000 -1000 -1000 -10 0.69
356 54 car -1 -1 -1 946.36 705.88 964.00 727.66 -1 -1 -1 -1000 -1000 -1000 -10 0.40
357 49 car -1 -1 -1 617.96 706.03 779.73 790.55 -1 -1 -1 -1000 -1000 -1000 -10 0.89
357 52 car -1 -1 -1 447.33 708.48 589.73 785.84 -1 -1 -1 -1000 -1000 -1000 -10 0.73
357 54 car -1 -1 -1 947.55 705.75 965.63 727.79 -1 -1 -1 -1000 -1000 -1000 -10 0.35
358 49 car -1 -1 -1 608.93 704.98 774.32 789.82 -1 -1 -1 -1000 -1000 -1000 -10 0.86
358 52 car -1 -1 -1 428.43 706.17 575.09 786.14 -1 -1 -1 -1000 -1000 -1000 -10 0.74
359 49 car -1 -1 -1 597.09 703.14 766.82 790.01 -1 -1 -1 -1000 -1000 -1000 -10 0.86
359 52 car -1 -1 -1 406.51 707.47 560.20 785.25 -1 -1 -1 -1000 -1000 -1000 -10 0.65
360 49 car -1 -1 -1 594.88 707.00 765.26 788.00 -1 -1 -1 -1000 -1000 -1000 -10 0.76
360 52 car -1 -1 -1 376.28 707.47 542.23 785.79 -1 -1 -1 -1000 -1000 -1000 -10 0.42
360 55 car -1 -1 -1 952.05 706.85 971.49 728.01 -1 -1 -1 -1000 -1000 -1000 -10 0.37
361 49 car -1 -1 -1 587.17 709.34 760.16 787.57 -1 -1 -1 -1000 -1000 -1000 -10 0.64
361 52 car -1 -1 -1 354.91 709.79 526.62 785.77 -1 -1 -1 -1000 -1000 -1000 -10 0.48
362 49 car -1 -1 -1 570.09 704.26 756.10 789.43 -1 -1 -1 -1000 -1000 -1000 -10 0.81
362 52 car -1 -1 -1 283.36 699.12 514.10 781.45 -1 -1 -1 -1000 -1000 -1000 -10 0.30
363 49 car -1 -1 -1 553.59 702.40 760.67 788.76 -1 -1 -1 -1000 -1000 -1000 -10 0.72
363 52 car -1 -1 -1 307.55 704.33 501.95 786.44 -1 -1 -1 -1000 -1000 -1000 -10 0.45
363 56 car -1 -1 -1 11.53 663.89 174.71 780.95 -1 -1 -1 -1000 -1000 -1000 -10 0.37
364 49 car -1 -1 -1 548.76 702.19 751.20 789.93 -1 -1 -1 -1000 -1000 -1000 -10 0.78
364 52 car -1 -1 -1 280.97 700.56 480.63 783.29 -1 -1 -1 -1000 -1000 -1000 -10 0.45
365 49 car -1 -1 -1 530.10 700.75 747.98 790.25 -1 -1 -1 -1000 -1000 -1000 -10 0.79
365 52 car -1 -1 -1 243.93 698.16 469.04 783.41 -1 -1 -1 -1000 -1000 -1000 -10 0.47
366 49 car -1 -1 -1 515.56 697.69 736.32 788.07 -1 -1 -1 -1000 -1000 -1000 -10 0.71
366 52 car -1 -1 -1 196.34 698.22 433.22 781.78 -1 -1 -1 -1000 -1000 -1000 -10 0.42
367 49 car -1 -1 -1 486.64 703.10 731.58 787.98 -1 -1 -1 -1000 -1000 -1000 -10 0.74
367 52 car -1 -1 -1 157.35 695.79 400.54 783.56 -1 -1 -1 -1000 -1000 -1000 -10 0.40
368 49 car -1 -1 -1 475.94 702.45 728.47 788.68 -1 -1 -1 -1000 -1000 -1000 -10 0.72
368 52 car -1 -1 -1 94.66 686.26 378.37 784.10 -1 -1 -1 -1000 -1000 -1000 -10 0.47
368 57 car -1 -1 -1 967.26 703.13 992.28 729.08 -1 -1 -1 -1000 -1000 -1000 -10 0.41
369 49 car -1 -1 -1 451.48 701.16 718.87 789.23 -1 -1 -1 -1000 -1000 -1000 -10 0.72
369 52 car -1 -1 -1 41.48 682.53 335.95 786.68 -1 -1 -1 -1000 -1000 -1000 -10 0.51
369 57 car -1 -1 -1 969.56 702.77 995.99 730.25 -1 -1 -1 -1000 -1000 -1000 -10 0.49
370 49 car -1 -1 -1 433.21 696.11 711.83 787.87 -1 -1 -1 -1000 -1000 -1000 -10 0.68
370 52 car -1 -1 -1 4.60 669.90 300.68 787.46 -1 -1 -1 -1000 -1000 -1000 -10 0.39
370 57 car -1 -1 -1 973.53 702.63 998.57 727.74 -1 -1 -1 -1000 -1000 -1000 -10 0.31
371 49 car -1 -1 -1 408.97 701.35 712.99 788.72 -1 -1 -1 -1000 -1000 -1000 -10 0.64
371 57 car -1 -1 -1 975.47 700.81 1002.08 729.56 -1 -1 -1 -1000 -1000 -1000 -10 0.35
372 49 car -1 -1 -1 386.20 696.28 698.29 787.85 -1 -1 -1 -1000 -1000 -1000 -10 0.62
372 57 car -1 -1 -1 977.78 701.92 1006.45 730.10 -1 -1 -1 -1000 -1000 -1000 -10 0.40
373 49 car -1 -1 -1 345.91 693.02 692.20 789.70 -1 -1 -1 -1000 -1000 -1000 -10 0.67
373 57 car -1 -1 -1 981.52 700.70 1011.56 729.57 -1 -1 -1 -1000 -1000 -1000 -10 0.34
374 49 car -1 -1 -1 321.02 693.36 679.38 786.31 -1 -1 -1 -1000 -1000 -1000 -10 0.74
375 49 car -1 -1 -1 287.36 692.74 665.32 786.29 -1 -1 -1 -1000 -1000 -1000 -10 0.70
375 58 car -1 -1 -1 986.73 699.56 1020.49 731.49 -1 -1 -1 -1000 -1000 -1000 -10 0.36
376 49 car -1 -1 -1 233.25 684.98 647.42 786.41 -1 -1 -1 -1000 -1000 -1000 -10 0.67
376 58 car -1 -1 -1 988.81 696.32 1024.99 733.24 -1 -1 -1 -1000 -1000 -1000 -10 0.44
377 49 car -1 -1 -1 192.99 682.00 639.87 788.22 -1 -1 -1 -1000 -1000 -1000 -10 0.71
377 58 car -1 -1 -1 992.10 697.27 1030.51 734.75 -1 -1 -1 -1000 -1000 -1000 -10 0.63
378 49 car -1 -1 -1 141.12 681.77 619.68 786.99 -1 -1 -1 -1000 -1000 -1000 -10 0.66
378 58 car -1 -1 -1 992.38 695.00 1033.98 734.65 -1 -1 -1 -1000 -1000 -1000 -10 0.45
379 58 car -1 -1 -1 995.11 692.39 1039.63 737.00 -1 -1 -1 -1000 -1000 -1000 -10 0.62
379 49 car -1 -1 -1 42.46 673.13 598.16 784.56 -1 -1 -1 -1000 -1000 -1000 -10 0.57
380 58 car -1 -1 -1 998.04 691.01 1045.01 738.20 -1 -1 -1 -1000 -1000 -1000 -10 0.54
380 49 car -1 -1 -1 39.05 676.77 553.56 780.13 -1 -1 -1 -1000 -1000 -1000 -10 0.52
381 58 car -1 -1 -1 1000.04 689.10 1053.07 740.35 -1 -1 -1 -1000 -1000 -1000 -10 0.61
381 49 car -1 -1 -1 -1.53 664.53 546.92 781.99 -1 -1 -1 -1000 -1000 -1000 -10 0.54
382 58 car -1 -1 -1 1004.12 687.56 1060.90 742.19 -1 -1 -1 -1000 -1000 -1000 -10 0.65
382 49 car -1 -1 -1 12.32 665.68 520.68 779.86 -1 -1 -1 -1000 -1000 -1000 -10 0.55
383 58 car -1 -1 -1 1009.59 684.41 1074.45 745.21 -1 -1 -1 -1000 -1000 -1000 -10 0.81
383 49 car -1 -1 -1 -7.33 666.00 469.25 778.83 -1 -1 -1 -1000 -1000 -1000 -10 0.45
384 58 car -1 -1 -1 1015.83 683.26 1085.57 747.56 -1 -1 -1 -1000 -1000 -1000 -10 0.83
384 49 car -1 -1 -1 -15.71 657.17 429.48 776.70 -1 -1 -1 -1000 -1000 -1000 -10 0.40
385 58 car -1 -1 -1 1023.64 679.86 1101.70 750.89 -1 -1 -1 -1000 -1000 -1000 -10 0.83
386 58 car -1 -1 -1 1031.41 677.27 1119.43 756.64 -1 -1 -1 -1000 -1000 -1000 -10 0.88
386 59 car -1 -1 -1 984.60 686.16 1012.24 721.69 -1 -1 -1 -1000 -1000 -1000 -10 0.33
387 58 car -1 -1 -1 1042.92 670.54 1142.67 759.79 -1 -1 -1 -1000 -1000 -1000 -10 0.84
388 58 car -1 -1 -1 1053.67 666.42 1168.73 766.67 -1 -1 -1 -1000 -1000 -1000 -10 0.83
389 58 car -1 -1 -1 1069.72 658.41 1207.10 774.99 -1 -1 -1 -1000 -1000 -1000 -10 0.80
390 58 car -1 -1 -1 1096.58 640.41 1263.59 783.09 -1 -1 -1 -1000 -1000 -1000 -10 0.80
391 58 car -1 -1 -1 1137.04 612.33 1363.53 786.91 -1 -1 -1 -1000 -1000 -1000 -10 0.88
392 58 car -1 -1 -1 1181.97 577.75 1524.75 795.18 -1 -1 -1 -1000 -1000 -1000 -10 0.86
393 58 car -1 -1 -1 1286.52 476.38 1851.18 790.12 -1 -1 -1 -1000 -1000 -1000 -10 0.75
394 58 car -1 -1 -1 1456.16 303.39 1910.17 806.28 -1 -1 -1 -1000 -1000 -1000 -10 0.33
394 60 car -1 -1 -1 1462.46 264.72 1915.56 797.09 -1 -1 -1 -1000 -1000 -1000 -10 0.33
398 61 car -1 -1 -1 1117.50 660.79 1192.85 736.76 -1 -1 -1 -1000 -1000 -1000 -10 0.39
399 61 car -1 -1 -1 1140.12 670.31 1229.61 738.35 -1 -1 -1 -1000 -1000 -1000 -10 0.68
400 61 car -1 -1 -1 1173.51 655.67 1282.71 742.06 -1 -1 -1 -1000 -1000 -1000 -10 0.48
406 62 car -1 -1 -1 860.73 706.20 896.62 735.10 -1 -1 -1 -1000 -1000 -1000 -10 0.32
407 62 car -1 -1 -1 858.99 707.21 895.61 735.28 -1 -1 -1 -1000 -1000 -1000 -10 0.45
408 62 car -1 -1 -1 855.57 707.35 893.49 737.61 -1 -1 -1 -1000 -1000 -1000 -10 0.39
409 62 car -1 -1 -1 853.41 707.86 892.40 738.10 -1 -1 -1 -1000 -1000 -1000 -10 0.52
410 62 car -1 -1 -1 851.23 708.37 890.26 738.13 -1 -1 -1 -1000 -1000 -1000 -10 0.50
411 62 car -1 -1 -1 848.06 707.60 889.10 739.27 -1 -1 -1 -1000 -1000 -1000 -10 0.48
412 62 car -1 -1 -1 844.48 707.85 888.55 740.64 -1 -1 -1 -1000 -1000 -1000 -10 0.59
413 62 car -1 -1 -1 839.64 707.00 886.56 742.29 -1 -1 -1 -1000 -1000 -1000 -10 0.45
414 62 car -1 -1 -1 838.47 709.74 883.18 743.76 -1 -1 -1 -1000 -1000 -1000 -10 0.49
415 62 car -1 -1 -1 835.64 710.15 881.45 743.78 -1 -1 -1 -1000 -1000 -1000 -10 0.44
416 62 car -1 -1 -1 829.92 711.61 879.08 748.25 -1 -1 -1 -1000 -1000 -1000 -10 0.80
417 62 car -1 -1 -1 825.52 711.42 875.87 748.72 -1 -1 -1 -1000 -1000 -1000 -10 0.61
418 62 car -1 -1 -1 819.58 710.95 873.79 750.70 -1 -1 -1 -1000 -1000 -1000 -10 0.49
419 62 car -1 -1 -1 815.07 712.52 870.13 752.91 -1 -1 -1 -1000 -1000 -1000 -10 0.70
420 62 car -1 -1 -1 807.42 711.78 865.60 755.47 -1 -1 -1 -1000 -1000 -1000 -10 0.83
421 62 car -1 -1 -1 803.11 711.76 862.94 756.04 -1 -1 -1 -1000 -1000 -1000 -10 0.73
422 62 car -1 -1 -1 796.32 712.98 860.49 758.84 -1 -1 -1 -1000 -1000 -1000 -10 0.61
423 62 car -1 -1 -1 788.63 711.55 856.89 761.27 -1 -1 -1 -1000 -1000 -1000 -10 0.73
423 63 car -1 -1 -1 843.31 709.77 866.40 733.76 -1 -1 -1 -1000 -1000 -1000 -10 0.51
424 62 car -1 -1 -1 783.03 714.04 852.19 763.20 -1 -1 -1 -1000 -1000 -1000 -10 0.77
424 63 car -1 -1 -1 844.03 710.02 866.10 733.15 -1 -1 -1 -1000 -1000 -1000 -10 0.47
425 62 car -1 -1 -1 774.94 714.70 847.17 766.07 -1 -1 -1 -1000 -1000 -1000 -10 0.81
425 63 car -1 -1 -1 844.40 710.12 866.10 734.14 -1 -1 -1 -1000 -1000 -1000 -10 0.36
426 62 car -1 -1 -1 766.89 713.04 839.38 766.58 -1 -1 -1 -1000 -1000 -1000 -10 0.71
426 63 car -1 -1 -1 844.23 708.91 864.54 732.90 -1 -1 -1 -1000 -1000 -1000 -10 0.37
427 62 car -1 -1 -1 756.69 713.29 835.48 770.48 -1 -1 -1 -1000 -1000 -1000 -10 0.85
427 63 car -1 -1 -1 843.90 710.47 863.10 734.15 -1 -1 -1 -1000 -1000 -1000 -10 0.43
428 62 car -1 -1 -1 744.27 712.69 830.14 772.70 -1 -1 -1 -1000 -1000 -1000 -10 0.70
428 63 car -1 -1 -1 843.55 708.68 862.27 732.37 -1 -1 -1 -1000 -1000 -1000 -10 0.30
429 62 car -1 -1 -1 734.38 713.31 822.36 778.36 -1 -1 -1 -1000 -1000 -1000 -10 0.86
429 63 car -1 -1 -1 842.56 710.10 862.59 734.39 -1 -1 -1 -1000 -1000 -1000 -10 0.50
430 62 car -1 -1 -1 719.77 711.14 813.97 780.59 -1 -1 -1 -1000 -1000 -1000 -10 0.79
430 63 car -1 -1 -1 840.72 707.66 861.76 733.91 -1 -1 -1 -1000 -1000 -1000 -10 0.39
431 62 car -1 -1 -1 704.63 710.77 808.87 784.96 -1 -1 -1 -1000 -1000 -1000 -10 0.81
431 63 car -1 -1 -1 839.66 709.49 860.96 734.70 -1 -1 -1 -1000 -1000 -1000 -10 0.46
432 62 car -1 -1 -1 689.52 707.73 800.27 786.71 -1 -1 -1 -1000 -1000 -1000 -10 0.86
432 63 car -1 -1 -1 839.48 709.13 860.54 732.96 -1 -1 -1 -1000 -1000 -1000 -10 0.39
433 62 car -1 -1 -1 672.83 707.78 787.34 789.71 -1 -1 -1 -1000 -1000 -1000 -10 0.89
433 63 car -1 -1 -1 837.74 709.89 860.46 735.74 -1 -1 -1 -1000 -1000 -1000 -10 0.47
434 62 car -1 -1 -1 648.52 712.23 774.53 789.30 -1 -1 -1 -1000 -1000 -1000 -10 0.87
434 63 car -1 -1 -1 837.79 709.57 860.73 737.17 -1 -1 -1 -1000 -1000 -1000 -10 0.48
435 62 car -1 -1 -1 623.82 705.00 763.89 792.85 -1 -1 -1 -1000 -1000 -1000 -10 0.92
435 63 car -1 -1 -1 836.52 710.30 861.33 737.61 -1 -1 -1 -1000 -1000 -1000 -10 0.51
436 62 car -1 -1 -1 592.54 703.96 745.24 791.89 -1 -1 -1 -1000 -1000 -1000 -10 0.92
436 63 car -1 -1 -1 838.13 708.16 860.43 736.02 -1 -1 -1 -1000 -1000 -1000 -10 0.39
437 62 car -1 -1 -1 557.50 709.98 732.16 792.17 -1 -1 -1 -1000 -1000 -1000 -10 0.86
437 63 car -1 -1 -1 838.23 713.39 860.95 739.64 -1 -1 -1 -1000 -1000 -1000 -10 0.42
438 62 car -1 -1 -1 509.17 712.96 718.25 790.57 -1 -1 -1 -1000 -1000 -1000 -10 0.81
438 63 car -1 -1 -1 839.22 713.71 860.49 740.72 -1 -1 -1 -1000 -1000 -1000 -10 0.37
439 62 car -1 -1 -1 461.73 711.61 697.56 790.03 -1 -1 -1 -1000 -1000 -1000 -10 0.73
439 63 car -1 -1 -1 837.78 710.50 862.60 738.67 -1 -1 -1 -1000 -1000 -1000 -10 0.40
440 62 car -1 -1 -1 399.89 702.36 675.11 789.85 -1 -1 -1 -1000 -1000 -1000 -10 0.83
440 63 car -1 -1 -1 837.78 708.82 863.41 737.65 -1 -1 -1 -1000 -1000 -1000 -10 0.45
441 62 car -1 -1 -1 302.07 701.62 640.73 789.45 -1 -1 -1 -1000 -1000 -1000 -10 0.68
441 63 car -1 -1 -1 838.08 712.96 863.18 740.00 -1 -1 -1 -1000 -1000 -1000 -10 0.38
442 62 car -1 -1 -1 207.86 692.33 601.38 790.32 -1 -1 -1 -1000 -1000 -1000 -10 0.77
442 63 car -1 -1 -1 837.66 712.54 864.24 740.80 -1 -1 -1 -1000 -1000 -1000 -10 0.40
443 62 car -1 -1 -1 43.06 679.84 539.01 788.25 -1 -1 -1 -1000 -1000 -1000 -10 0.75
443 63 car -1 -1 -1 835.99 710.08 862.67 737.67 -1 -1 -1 -1000 -1000 -1000 -10 0.51
444 62 car -1 -1 -1 16.02 670.19 469.60 785.79 -1 -1 -1 -1000 -1000 -1000 -10 0.77
444 63 car -1 -1 -1 834.33 709.48 862.19 737.98 -1 -1 -1 -1000 -1000 -1000 -10 0.62
445 63 car -1 -1 -1 831.75 708.80 861.76 738.84 -1 -1 -1 -1000 -1000 -1000 -10 0.62
446 63 car -1 -1 -1 829.42 709.14 860.47 740.33 -1 -1 -1 -1000 -1000 -1000 -10 0.45
447 63 car -1 -1 -1 828.80 711.38 858.86 742.26 -1 -1 -1 -1000 -1000 -1000 -10 0.48
448 63 car -1 -1 -1 827.18 708.49 857.61 739.31 -1 -1 -1 -1000 -1000 -1000 -10 0.66
449 63 car -1 -1 -1 825.69 708.69 855.10 739.31 -1 -1 -1 -1000 -1000 -1000 -10 0.44
450 63 car -1 -1 -1 823.06 708.63 853.91 739.60 -1 -1 -1 -1000 -1000 -1000 -10 0.63
451 63 car -1 -1 -1 821.09 710.87 851.09 742.47 -1 -1 -1 -1000 -1000 -1000 -10 0.50
452 63 car -1 -1 -1 820.00 711.64 849.11 741.64 -1 -1 -1 -1000 -1000 -1000 -10 0.33
453 63 car -1 -1 -1 816.15 708.04 847.54 741.03 -1 -1 -1 -1000 -1000 -1000 -10 0.56
454 63 car -1 -1 -1 814.17 708.57 844.04 738.81 -1 -1 -1 -1000 -1000 -1000 -10 0.51
455 63 car -1 -1 -1 810.90 707.63 843.54 741.50 -1 -1 -1 -1000 -1000 -1000 -10 0.42
456 63 car -1 -1 -1 808.38 708.10 843.49 740.21 -1 -1 -1 -1000 -1000 -1000 -10 0.70
457 63 car -1 -1 -1 806.04 705.06 839.76 739.25 -1 -1 -1 -1000 -1000 -1000 -10 0.68
458 63 car -1 -1 -1 806.07 707.91 838.89 740.42 -1 -1 -1 -1000 -1000 -1000 -10 0.55
