0 1 car -1 -1 -1 869.69 731.43 898.16 764.22 -1 -1 -1 -1000 -1000 -1000 -10 0.88
0 2 car -1 -1 -1 819.67 743.94 843.59 765.98 -1 -1 -1 -1000 -1000 -1000 -10 0.66
1 1 car -1 -1 -1 869.16 729.91 898.93 763.64 -1 -1 -1 -1000 -1000 -1000 -10 0.89
1 2 car -1 -1 -1 819.75 744.03 844.87 765.02 -1 -1 -1 -1000 -1000 -1000 -10 0.55
2 1 car -1 -1 -1 869.73 728.73 898.43 762.64 -1 -1 -1 -1000 -1000 -1000 -10 0.85
2 2 car -1 -1 -1 819.65 742.79 844.76 763.82 -1 -1 -1 -1000 -1000 -1000 -10 0.39
3 1 car -1 -1 -1 869.71 728.30 898.24 761.88 -1 -1 -1 -1000 -1000 -1000 -10 0.78
3 2 car -1 -1 -1 820.15 741.82 844.64 763.13 -1 -1 -1 -1000 -1000 -1000 -10 0.46
4 1 car -1 -1 -1 869.60 731.15 897.91 763.34 -1 -1 -1 -1000 -1000 -1000 -10 0.88
4 2 car -1 -1 -1 820.52 743.86 844.78 764.46 -1 -1 -1 -1000 -1000 -1000 -10 0.42
5 1 car -1 -1 -1 869.50 732.11 898.83 764.70 -1 -1 -1 -1000 -1000 -1000 -10 0.88
5 2 car -1 -1 -1 820.41 744.03 844.14 766.04 -1 -1 -1 -1000 -1000 -1000 -10 0.56
6 1 car -1 -1 -1 869.64 732.29 898.22 764.48 -1 -1 -1 -1000 -1000 -1000 -10 0.87
6 2 car -1 -1 -1 821.05 744.42 844.33 765.54 -1 -1 -1 -1000 -1000 -1000 -10 0.54
7 1 car -1 -1 -1 870.12 731.82 898.49 764.65 -1 -1 -1 -1000 -1000 -1000 -10 0.88
7 2 car -1 -1 -1 821.89 744.09 846.91 765.24 -1 -1 -1 -1000 -1000 -1000 -10 0.46
8 1 car -1 -1 -1 870.17 732.13 898.59 764.75 -1 -1 -1 -1000 -1000 -1000 -10 0.88
8 2 car -1 -1 -1 823.05 744.74 847.06 765.63 -1 -1 -1 -1000 -1000 -1000 -10 0.52
9 1 car -1 -1 -1 869.79 732.52 899.05 765.97 -1 -1 -1 -1000 -1000 -1000 -10 0.79
9 2 car -1 -1 -1 823.32 745.07 848.05 766.19 -1 -1 -1 -1000 -1000 -1000 -10 0.42
10 1 car -1 -1 -1 869.51 732.60 898.95 766.00 -1 -1 -1 -1000 -1000 -1000 -10 0.74
10 2 car -1 -1 -1 824.16 744.42 848.44 766.50 -1 -1 -1 -1000 -1000 -1000 -10 0.56
11 1 car -1 -1 -1 869.41 732.29 899.28 765.40 -1 -1 -1 -1000 -1000 -1000 -10 0.84
11 2 car -1 -1 -1 825.00 744.32 849.12 766.24 -1 -1 -1 -1000 -1000 -1000 -10 0.63
12 1 car -1 -1 -1 869.09 732.35 899.20 764.87 -1 -1 -1 -1000 -1000 -1000 -10 0.86
12 2 car -1 -1 -1 825.31 744.15 849.24 765.67 -1 -1 -1 -1000 -1000 -1000 -10 0.60
13 1 car -1 -1 -1 869.00 732.23 899.08 765.49 -1 -1 -1 -1000 -1000 -1000 -10 0.84
13 2 car -1 -1 -1 826.12 743.73 848.96 766.38 -1 -1 -1 -1000 -1000 -1000 -10 0.51
14 1 car -1 -1 -1 868.83 732.15 899.34 765.19 -1 -1 -1 -1000 -1000 -1000 -10 0.86
14 2 car -1 -1 -1 826.37 744.46 849.62 765.54 -1 -1 -1 -1000 -1000 -1000 -10 0.52
15 1 car -1 -1 -1 869.60 732.01 898.83 764.79 -1 -1 -1 -1000 -1000 -1000 -10 0.88
15 2 car -1 -1 -1 826.79 744.55 849.33 764.92 -1 -1 -1 -1000 -1000 -1000 -10 0.53
16 1 car -1 -1 -1 869.43 731.82 898.83 764.74 -1 -1 -1 -1000 -1000 -1000 -10 0.88
16 2 car -1 -1 -1 827.47 743.76 849.63 764.59 -1 -1 -1 -1000 -1000 -1000 -10 0.48
17 1 car -1 -1 -1 868.57 732.26 898.88 765.31 -1 -1 -1 -1000 -1000 -1000 -10 0.83
17 2 car -1 -1 -1 827.63 743.59 849.95 765.14 -1 -1 -1 -1000 -1000 -1000 -10 0.47
18 1 car -1 -1 -1 868.97 732.00 898.98 764.85 -1 -1 -1 -1000 -1000 -1000 -10 0.86
18 2 car -1 -1 -1 828.91 743.94 852.05 765.26 -1 -1 -1 -1000 -1000 -1000 -10 0.32
19 1 car -1 -1 -1 869.59 731.85 897.76 764.06 -1 -1 -1 -1000 -1000 -1000 -10 0.86
19 2 car -1 -1 -1 829.83 743.07 852.12 764.40 -1 -1 -1 -1000 -1000 -1000 -10 0.35
20 1 car -1 -1 -1 868.81 732.15 898.49 764.87 -1 -1 -1 -1000 -1000 -1000 -10 0.85
21 1 car -1 -1 -1 868.95 731.89 897.64 764.16 -1 -1 -1 -1000 -1000 -1000 -10 0.84
22 1 car -1 -1 -1 869.02 731.92 897.91 764.46 -1 -1 -1 -1000 -1000 -1000 -10 0.84
23 1 car -1 -1 -1 867.87 731.92 898.98 765.25 -1 -1 -1 -1000 -1000 -1000 -10 0.82
24 1 car -1 -1 -1 869.00 732.38 897.61 764.65 -1 -1 -1 -1000 -1000 -1000 -10 0.81
25 1 car -1 -1 -1 869.03 732.06 897.14 763.71 -1 -1 -1 -1000 -1000 -1000 -10 0.82
26 1 car -1 -1 -1 869.20 731.64 897.03 763.80 -1 -1 -1 -1000 -1000 -1000 -10 0.82
27 1 car -1 -1 -1 868.76 730.53 897.64 762.68 -1 -1 -1 -1000 -1000 -1000 -10 0.82
28 1 car -1 -1 -1 868.96 728.86 897.91 761.68 -1 -1 -1 -1000 -1000 -1000 -10 0.80
29 1 car -1 -1 -1 868.83 728.89 898.30 761.95 -1 -1 -1 -1000 -1000 -1000 -10 0.82
30 1 car -1 -1 -1 869.38 729.33 897.85 762.23 -1 -1 -1 -1000 -1000 -1000 -10 0.86
31 1 car -1 -1 -1 869.73 731.93 898.43 763.72 -1 -1 -1 -1000 -1000 -1000 -10 0.89
32 1 car -1 -1 -1 869.88 732.11 898.19 764.52 -1 -1 -1 -1000 -1000 -1000 -10 0.87
33 1 car -1 -1 -1 870.17 732.29 898.44 764.76 -1 -1 -1 -1000 -1000 -1000 -10 0.88
34 1 car -1 -1 -1 868.94 732.22 899.60 765.06 -1 -1 -1 -1000 -1000 -1000 -10 0.87
35 1 car -1 -1 -1 870.11 732.32 898.35 764.60 -1 -1 -1 -1000 -1000 -1000 -10 0.88
36 1 car -1 -1 -1 869.94 732.29 897.95 763.70 -1 -1 -1 -1000 -1000 -1000 -10 0.89
37 1 car -1 -1 -1 869.75 732.22 897.87 763.73 -1 -1 -1 -1000 -1000 -1000 -10 0.89
38 1 car -1 -1 -1 869.95 732.74 898.62 764.76 -1 -1 -1 -1000 -1000 -1000 -10 0.87
39 1 car -1 -1 -1 869.19 732.79 899.17 766.01 -1 -1 -1 -1000 -1000 -1000 -10 0.77
40 1 car -1 -1 -1 869.16 732.69 900.00 765.86 -1 -1 -1 -1000 -1000 -1000 -10 0.80
41 1 car -1 -1 -1 869.71 732.75 899.38 765.17 -1 -1 -1 -1000 -1000 -1000 -10 0.85
42 1 car -1 -1 -1 869.49 732.58 899.86 765.18 -1 -1 -1 -1000 -1000 -1000 -10 0.86
43 1 car -1 -1 -1 869.93 732.68 899.01 764.57 -1 -1 -1 -1000 -1000 -1000 -10 0.87
44 1 car -1 -1 -1 869.87 732.61 899.96 764.95 -1 -1 -1 -1000 -1000 -1000 -10 0.87
45 1 car -1 -1 -1 869.92 732.53 899.59 764.81 -1 -1 -1 -1000 -1000 -1000 -10 0.88
46 1 car -1 -1 -1 870.45 732.55 898.84 764.02 -1 -1 -1 -1000 -1000 -1000 -10 0.89
47 1 car -1 -1 -1 870.58 732.60 898.80 763.52 -1 -1 -1 -1000 -1000 -1000 -10 0.90
48 1 car -1 -1 -1 870.25 732.73 899.70 764.33 -1 -1 -1 -1000 -1000 -1000 -10 0.88
49 1 car -1 -1 -1 870.26 732.94 900.27 765.16 -1 -1 -1 -1000 -1000 -1000 -10 0.84
50 1 car -1 -1 -1 870.84 734.63 900.22 765.91 -1 -1 -1 -1000 -1000 -1000 -10 0.53
51 1 car -1 -1 -1 871.17 734.93 900.09 766.49 -1 -1 -1 -1000 -1000 -1000 -10 0.76
52 1 car -1 -1 -1 870.86 733.39 900.88 765.68 -1 -1 -1 -1000 -1000 -1000 -10 0.73
53 1 car -1 -1 -1 871.66 732.88 900.50 764.45 -1 -1 -1 -1000 -1000 -1000 -10 0.88
54 1 car -1 -1 -1 871.82 732.78 900.43 764.72 -1 -1 -1 -1000 -1000 -1000 -10 0.87
55 1 car -1 -1 -1 871.50 732.95 900.95 765.05 -1 -1 -1 -1000 -1000 -1000 -10 0.86
56 1 car -1 -1 -1 871.42 732.80 901.47 765.29 -1 -1 -1 -1000 -1000 -1000 -10 0.85
57 1 car -1 -1 -1 871.84 732.45 901.99 765.02 -1 -1 -1 -1000 -1000 -1000 -10 0.83
58 1 car -1 -1 -1 871.97 732.43 902.26 764.48 -1 -1 -1 -1000 -1000 -1000 -10 0.82
59 1 car -1 -1 -1 871.60 732.29 903.06 764.89 -1 -1 -1 -1000 -1000 -1000 -10 0.76
60 1 car -1 -1 -1 872.00 732.76 902.36 766.32 -1 -1 -1 -1000 -1000 -1000 -10 0.63
61 1 car -1 -1 -1 872.02 734.39 902.05 766.21 -1 -1 -1 -1000 -1000 -1000 -10 0.55
62 1 car -1 -1 -1 872.18 734.25 901.56 766.56 -1 -1 -1 -1000 -1000 -1000 -10 0.61
63 1 car -1 -1 -1 872.36 735.42 901.15 766.96 -1 -1 -1 -1000 -1000 -1000 -10 0.81
64 1 car -1 -1 -1 871.98 734.56 901.68 766.33 -1 -1 -1 -1000 -1000 -1000 -10 0.63
65 1 car -1 -1 -1 871.88 734.55 901.32 766.00 -1 -1 -1 -1000 -1000 -1000 -10 0.52
66 1 car -1 -1 -1 872.27 735.52 900.68 767.00 -1 -1 -1 -1000 -1000 -1000 -10 0.84
67 1 car -1 -1 -1 872.24 735.14 900.74 767.09 -1 -1 -1 -1000 -1000 -1000 -10 0.83
68 1 car -1 -1 -1 872.15 735.57 900.93 767.55 -1 -1 -1 -1000 -1000 -1000 -10 0.86
69 1 car -1 -1 -1 871.77 736.50 901.41 768.53 -1 -1 -1 -1000 -1000 -1000 -10 0.88
70 1 car -1 -1 -1 872.21 735.86 901.44 767.78 -1 -1 -1 -1000 -1000 -1000 -10 0.86
71 1 car -1 -1 -1 872.72 734.91 900.95 766.89 -1 -1 -1 -1000 -1000 -1000 -10 0.78
72 1 car -1 -1 -1 873.01 735.48 901.51 767.99 -1 -1 -1 -1000 -1000 -1000 -10 0.81
73 1 car -1 -1 -1 872.81 736.88 901.52 768.48 -1 -1 -1 -1000 -1000 -1000 -10 0.83
74 1 car -1 -1 -1 872.73 734.57 901.75 767.04 -1 -1 -1 -1000 -1000 -1000 -10 0.71
75 1 car -1 -1 -1 873.18 731.18 901.78 762.89 -1 -1 -1 -1000 -1000 -1000 -10 0.73
76 1 car -1 -1 -1 873.15 730.02 901.89 762.47 -1 -1 -1 -1000 -1000 -1000 -10 0.76
77 1 car -1 -1 -1 872.62 732.25 902.12 764.08 -1 -1 -1 -1000 -1000 -1000 -10 0.74
78 1 car -1 -1 -1 873.83 734.49 903.11 766.01 -1 -1 -1 -1000 -1000 -1000 -10 0.44
79 1 car -1 -1 -1 873.14 734.60 902.04 767.21 -1 -1 -1 -1000 -1000 -1000 -10 0.60
80 1 car -1 -1 -1 872.92 734.87 901.24 766.62 -1 -1 -1 -1000 -1000 -1000 -10 0.71
81 1 car -1 -1 -1 871.75 736.89 901.31 768.32 -1 -1 -1 -1000 -1000 -1000 -10 0.88
82 1 car -1 -1 -1 872.10 738.30 900.23 768.73 -1 -1 -1 -1000 -1000 -1000 -10 0.90
83 1 car -1 -1 -1 871.75 736.84 899.92 767.73 -1 -1 -1 -1000 -1000 -1000 -10 0.89
84 1 car -1 -1 -1 871.91 733.49 899.97 764.87 -1 -1 -1 -1000 -1000 -1000 -10 0.83
85 1 car -1 -1 -1 871.36 731.16 900.07 762.14 -1 -1 -1 -1000 -1000 -1000 -10 0.90
86 1 car -1 -1 -1 871.53 731.63 899.46 762.11 -1 -1 -1 -1000 -1000 -1000 -10 0.91
87 1 car -1 -1 -1 871.27 732.54 898.28 762.55 -1 -1 -1 -1000 -1000 -1000 -10 0.90
88 1 car -1 -1 -1 870.40 732.00 897.54 762.10 -1 -1 -1 -1000 -1000 -1000 -10 0.89
89 1 car -1 -1 -1 870.57 732.94 897.16 763.11 -1 -1 -1 -1000 -1000 -1000 -10 0.88
90 1 car -1 -1 -1 870.06 733.06 897.36 764.25 -1 -1 -1 -1000 -1000 -1000 -10 0.83
91 1 car -1 -1 -1 869.99 733.35 897.25 763.69 -1 -1 -1 -1000 -1000 -1000 -10 0.84
92 1 car -1 -1 -1 870.13 732.84 896.71 762.82 -1 -1 -1 -1000 -1000 -1000 -10 0.87
93 1 car -1 -1 -1 868.42 730.97 896.92 761.69 -1 -1 -1 -1000 -1000 -1000 -10 0.76
94 1 car -1 -1 -1 868.39 730.67 896.28 761.77 -1 -1 -1 -1000 -1000 -1000 -10 0.62
95 1 car -1 -1 -1 868.09 731.11 894.71 761.99 -1 -1 -1 -1000 -1000 -1000 -10 0.76
96 1 car -1 -1 -1 867.85 731.25 894.47 761.77 -1 -1 -1 -1000 -1000 -1000 -10 0.83
97 1 car -1 -1 -1 867.46 729.28 894.96 761.25 -1 -1 -1 -1000 -1000 -1000 -10 0.79
98 1 car -1 -1 -1 867.32 729.31 894.57 759.69 -1 -1 -1 -1000 -1000 -1000 -10 0.63
99 1 car -1 -1 -1 867.33 729.74 894.49 760.94 -1 -1 -1 -1000 -1000 -1000 -10 0.82
100 1 car -1 -1 -1 866.90 732.13 894.02 762.43 -1 -1 -1 -1000 -1000 -1000 -10 0.88
101 1 car -1 -1 -1 866.49 731.89 893.58 762.29 -1 -1 -1 -1000 -1000 -1000 -10 0.90
102 1 car -1 -1 -1 866.37 729.96 893.86 760.52 -1 -1 -1 -1000 -1000 -1000 -10 0.83
103 1 car -1 -1 -1 866.78 727.84 893.11 758.79 -1 -1 -1 -1000 -1000 -1000 -10 0.78
104 1 car -1 -1 -1 866.26 727.49 892.79 758.25 -1 -1 -1 -1000 -1000 -1000 -10 0.85
105 1 car -1 -1 -1 865.61 729.95 892.85 760.01 -1 -1 -1 -1000 -1000 -1000 -10 0.78
106 1 car -1 -1 -1 865.37 732.44 891.74 761.76 -1 -1 -1 -1000 -1000 -1000 -10 0.89
107 1 car -1 -1 -1 865.16 730.91 892.11 760.62 -1 -1 -1 -1000 -1000 -1000 -10 0.86
108 1 car -1 -1 -1 865.01 730.48 891.53 758.93 -1 -1 -1 -1000 -1000 -1000 -10 0.75
109 1 car -1 -1 -1 865.08 730.20 891.91 760.44 -1 -1 -1 -1000 -1000 -1000 -10 0.83
110 1 car -1 -1 -1 864.62 730.98 891.21 761.07 -1 -1 -1 -1000 -1000 -1000 -10 0.84
111 1 car -1 -1 -1 864.89 730.44 890.93 759.23 -1 -1 -1 -1000 -1000 -1000 -10 0.76
112 1 car -1 -1 -1 865.52 728.13 891.48 758.77 -1 -1 -1 -1000 -1000 -1000 -10 0.72
113 1 car -1 -1 -1 865.31 729.90 891.43 758.74 -1 -1 -1 -1000 -1000 -1000 -10 0.59
114 1 car -1 -1 -1 864.86 729.89 891.26 760.08 -1 -1 -1 -1000 -1000 -1000 -10 0.79
115 1 car -1 -1 -1 865.82 730.03 891.77 759.72 -1 -1 -1 -1000 -1000 -1000 -10 0.77
116 1 car -1 -1 -1 866.35 729.90 892.18 759.75 -1 -1 -1 -1000 -1000 -1000 -10 0.78
117 1 car -1 -1 -1 866.44 729.86 892.95 760.25 -1 -1 -1 -1000 -1000 -1000 -10 0.80
118 1 car -1 -1 -1 867.12 729.74 893.59 760.33 -1 -1 -1 -1000 -1000 -1000 -10 0.79
119 1 car -1 -1 -1 867.02 730.58 894.11 761.14 -1 -1 -1 -1000 -1000 -1000 -10 0.84
120 1 car -1 -1 -1 866.99 730.62 894.10 761.03 -1 -1 -1 -1000 -1000 -1000 -10 0.83
121 1 car -1 -1 -1 867.63 731.38 894.01 761.64 -1 -1 -1 -1000 -1000 -1000 -10 0.85
122 1 car -1 -1 -1 868.13 731.78 894.12 761.47 -1 -1 -1 -1000 -1000 -1000 -10 0.81
123 1 car -1 -1 -1 868.31 730.89 894.60 761.09 -1 -1 -1 -1000 -1000 -1000 -10 0.68
124 1 car -1 -1 -1 868.21 730.71 895.04 761.54 -1 -1 -1 -1000 -1000 -1000 -10 0.63
125 1 car -1 -1 -1 869.15 732.48 896.02 761.53 -1 -1 -1 -1000 -1000 -1000 -10 0.71
126 1 car -1 -1 -1 869.73 732.53 896.51 761.87 -1 -1 -1 -1000 -1000 -1000 -10 0.82
127 1 car -1 -1 -1 870.76 733.07 896.71 761.92 -1 -1 -1 -1000 -1000 -1000 -10 0.87
128 1 car -1 -1 -1 870.33 732.12 897.57 761.70 -1 -1 -1 -1000 -1000 -1000 -10 0.88
129 1 car -1 -1 -1 870.99 730.92 897.15 760.62 -1 -1 -1 -1000 -1000 -1000 -10 0.87
130 1 car -1 -1 -1 870.96 731.93 897.44 761.18 -1 -1 -1 -1000 -1000 -1000 -10 0.88
131 1 car -1 -1 -1 871.21 733.00 896.99 762.37 -1 -1 -1 -1000 -1000 -1000 -10 0.87
132 1 car -1 -1 -1 870.64 733.78 898.11 764.57 -1 -1 -1 -1000 -1000 -1000 -10 0.80
133 1 car -1 -1 -1 870.33 734.53 898.11 764.60 -1 -1 -1 -1000 -1000 -1000 -10 0.64
134 1 car -1 -1 -1 870.79 734.19 897.87 764.75 -1 -1 -1 -1000 -1000 -1000 -10 0.74
135 1 car -1 -1 -1 871.60 733.93 897.42 764.02 -1 -1 -1 -1000 -1000 -1000 -10 0.83
136 1 car -1 -1 -1 871.82 733.87 897.62 764.07 -1 -1 -1 -1000 -1000 -1000 -10 0.82
137 1 car -1 -1 -1 871.04 734.61 897.63 764.44 -1 -1 -1 -1000 -1000 -1000 -10 0.65
138 1 car -1 -1 -1 871.06 734.68 897.84 764.43 -1 -1 -1 -1000 -1000 -1000 -10 0.64
139 1 car -1 -1 -1 871.89 733.98 897.95 763.95 -1 -1 -1 -1000 -1000 -1000 -10 0.84
140 1 car -1 -1 -1 871.15 734.55 897.82 764.19 -1 -1 -1 -1000 -1000 -1000 -10 0.75
141 1 car -1 -1 -1 871.07 734.66 897.69 764.41 -1 -1 -1 -1000 -1000 -1000 -10 0.57
142 1 car -1 -1 -1 871.10 734.81 897.69 764.15 -1 -1 -1 -1000 -1000 -1000 -10 0.70
143 1 car -1 -1 -1 870.74 734.47 897.80 764.43 -1 -1 -1 -1000 -1000 -1000 -10 0.68
144 1 car -1 -1 -1 870.42 734.76 897.64 764.35 -1 -1 -1 -1000 -1000 -1000 -10 0.59
145 1 car -1 -1 -1 870.45 734.60 897.44 764.07 -1 -1 -1 -1000 -1000 -1000 -10 0.75
146 1 car -1 -1 -1 870.92 733.73 897.20 763.10 -1 -1 -1 -1000 -1000 -1000 -10 0.85
147 1 car -1 -1 -1 871.59 734.01 896.64 763.07 -1 -1 -1 -1000 -1000 -1000 -10 0.85
148 1 car -1 -1 -1 871.08 733.61 896.73 762.39 -1 -1 -1 -1000 -1000 -1000 -10 0.87
149 1 car -1 -1 -1 871.16 733.22 896.18 761.57 -1 -1 -1 -1000 -1000 -1000 -10 0.87
150 1 car -1 -1 -1 871.61 733.24 895.93 761.60 -1 -1 -1 -1000 -1000 -1000 -10 0.87
151 1 car -1 -1 -1 871.22 733.55 896.63 762.08 -1 -1 -1 -1000 -1000 -1000 -10 0.88
152 1 car -1 -1 -1 871.02 732.85 896.30 761.09 -1 -1 -1 -1000 -1000 -1000 -10 0.87
153 1 car -1 -1 -1 871.20 731.22 896.33 760.56 -1 -1 -1 -1000 -1000 -1000 -10 0.86
154 1 car -1 -1 -1 870.70 731.86 896.83 761.16 -1 -1 -1 -1000 -1000 -1000 -10 0.88
155 1 car -1 -1 -1 871.43 732.74 896.33 761.04 -1 -1 -1 -1000 -1000 -1000 -10 0.88
156 1 car -1 -1 -1 871.01 732.97 896.33 761.76 -1 -1 -1 -1000 -1000 -1000 -10 0.86
157 1 car -1 -1 -1 870.89 732.97 896.81 761.68 -1 -1 -1 -1000 -1000 -1000 -10 0.88
158 1 car -1 -1 -1 870.91 732.89 896.57 761.12 -1 -1 -1 -1000 -1000 -1000 -10 0.87
159 1 car -1 -1 -1 871.73 732.01 896.35 760.89 -1 -1 -1 -1000 -1000 -1000 -10 0.89
160 1 car -1 -1 -1 871.43 731.21 896.86 760.74 -1 -1 -1 -1000 -1000 -1000 -10 0.88
161 1 car -1 -1 -1 871.29 731.47 896.84 760.54 -1 -1 -1 -1000 -1000 -1000 -10 0.87
162 1 car -1 -1 -1 871.33 732.03 896.55 760.91 -1 -1 -1 -1000 -1000 -1000 -10 0.88
163 1 car -1 -1 -1 871.12 732.56 896.15 761.05 -1 -1 -1 -1000 -1000 -1000 -10 0.87
164 1 car -1 -1 -1 869.81 732.77 895.90 761.86 -1 -1 -1 -1000 -1000 -1000 -10 0.80
165 1 car -1 -1 -1 868.50 733.20 894.75 763.14 -1 -1 -1 -1000 -1000 -1000 -10 0.59
166 1 car -1 -1 -1 867.00 734.09 894.67 763.86 -1 -1 -1 -1000 -1000 -1000 -10 0.79
167 1 car -1 -1 -1 866.96 734.98 892.88 763.66 -1 -1 -1 -1000 -1000 -1000 -10 0.79
168 1 car -1 -1 -1 866.24 734.99 891.90 764.04 -1 -1 -1 -1000 -1000 -1000 -10 0.73
169 1 car -1 -1 -1 865.10 737.23 891.31 764.81 -1 -1 -1 -1000 -1000 -1000 -10 0.79
170 1 car -1 -1 -1 864.84 738.07 890.46 766.34 -1 -1 -1 -1000 -1000 -1000 -10 0.86
171 1 car -1 -1 -1 863.83 737.93 889.81 766.19 -1 -1 -1 -1000 -1000 -1000 -10 0.78
172 1 car -1 -1 -1 862.04 736.73 888.81 766.49 -1 -1 -1 -1000 -1000 -1000 -10 0.67
173 1 car -1 -1 -1 860.86 737.24 887.20 764.94 -1 -1 -1 -1000 -1000 -1000 -10 0.80
174 1 car -1 -1 -1 860.17 735.01 885.83 764.01 -1 -1 -1 -1000 -1000 -1000 -10 0.67
175 1 car -1 -1 -1 859.76 734.50 885.48 763.61 -1 -1 -1 -1000 -1000 -1000 -10 0.81
176 1 car -1 -1 -1 858.91 734.18 884.37 762.24 -1 -1 -1 -1000 -1000 -1000 -10 0.85
177 1 car -1 -1 -1 857.87 733.19 883.99 761.33 -1 -1 -1 -1000 -1000 -1000 -10 0.79
178 1 car -1 -1 -1 857.99 732.98 883.14 761.67 -1 -1 -1 -1000 -1000 -1000 -10 0.71
179 1 car -1 -1 -1 858.21 733.90 883.38 762.60 -1 -1 -1 -1000 -1000 -1000 -10 0.74
180 1 car -1 -1 -1 857.04 734.27 884.30 763.10 -1 -1 -1 -1000 -1000 -1000 -10 0.69
181 1 car -1 -1 -1 857.28 734.72 883.82 763.70 -1 -1 -1 -1000 -1000 -1000 -10 0.59
182 1 car -1 -1 -1 857.72 736.58 883.24 764.70 -1 -1 -1 -1000 -1000 -1000 -10 0.57
183 1 car -1 -1 -1 857.16 735.33 884.16 763.95 -1 -1 -1 -1000 -1000 -1000 -10 0.44
184 1 car -1 -1 -1 857.35 734.46 884.16 763.21 -1 -1 -1 -1000 -1000 -1000 -10 0.73
185 1 car -1 -1 -1 858.07 733.84 883.92 762.48 -1 -1 -1 -1000 -1000 -1000 -10 0.79
186 1 car -1 -1 -1 858.35 733.78 883.63 762.31 -1 -1 -1 -1000 -1000 -1000 -10 0.80
187 1 car -1 -1 -1 858.81 735.19 883.76 763.18 -1 -1 -1 -1000 -1000 -1000 -10 0.75
188 1 car -1 -1 -1 859.52 735.66 884.37 763.26 -1 -1 -1 -1000 -1000 -1000 -10 0.69
189 1 car -1 -1 -1 859.56 735.45 884.86 763.63 -1 -1 -1 -1000 -1000 -1000 -10 0.58
190 1 car -1 -1 -1 861.37 737.86 884.89 765.84 -1 -1 -1 -1000 -1000 -1000 -10 0.83
191 1 car -1 -1 -1 862.06 737.97 886.72 766.83 -1 -1 -1 -1000 -1000 -1000 -10 0.85
192 1 car -1 -1 -1 861.62 737.19 886.89 765.81 -1 -1 -1 -1000 -1000 -1000 -10 0.80
193 1 car -1 -1 -1 863.57 736.20 889.43 764.50 -1 -1 -1 -1000 -1000 -1000 -10 0.44
194 1 car -1 -1 -1 864.44 736.50 889.21 764.11 -1 -1 -1 -1000 -1000 -1000 -10 0.55
195 1 car -1 -1 -1 864.89 735.52 890.52 763.53 -1 -1 -1 -1000 -1000 -1000 -10 0.66
196 1 car -1 -1 -1 866.35 733.82 890.22 762.44 -1 -1 -1 -1000 -1000 -1000 -10 0.86
197 1 car -1 -1 -1 866.77 733.23 891.33 762.12 -1 -1 -1 -1000 -1000 -1000 -10 0.88
198 1 car -1 -1 -1 867.57 733.48 894.40 763.58 -1 -1 -1 -1000 -1000 -1000 -10 0.75
199 1 car -1 -1 -1 869.25 734.19 895.98 763.19 -1 -1 -1 -1000 -1000 -1000 -10 0.70
200 1 car -1 -1 -1 871.40 734.25 896.24 762.75 -1 -1 -1 -1000 -1000 -1000 -10 0.85
201 1 car -1 -1 -1 872.17 733.63 896.87 763.14 -1 -1 -1 -1000 -1000 -1000 -10 0.85
202 1 car -1 -1 -1 872.54 733.13 897.60 761.33 -1 -1 -1 -1000 -1000 -1000 -10 0.89
203 1 car -1 -1 -1 873.89 732.03 899.38 761.36 -1 -1 -1 -1000 -1000 -1000 -10 0.87
204 1 car -1 -1 -1 874.31 733.45 902.84 763.55 -1 -1 -1 -1000 -1000 -1000 -10 0.66
205 1 car -1 -1 -1 877.03 737.05 901.79 764.22 -1 -1 -1 -1000 -1000 -1000 -10 0.71
206 1 car -1 -1 -1 878.50 737.12 903.25 764.48 -1 -1 -1 -1000 -1000 -1000 -10 0.74
207 1 car -1 -1 -1 878.86 736.71 905.53 764.62 -1 -1 -1 -1000 -1000 -1000 -10 0.70
208 1 car -1 -1 -1 882.06 736.63 907.40 764.37 -1 -1 -1 -1000 -1000 -1000 -10 0.59
209 1 car -1 -1 -1 883.49 737.25 908.37 764.37 -1 -1 -1 -1000 -1000 -1000 -10 0.75
210 1 car -1 -1 -1 884.71 737.12 909.96 764.85 -1 -1 -1 -1000 -1000 -1000 -10 0.75
211 1 car -1 -1 -1 884.30 734.88 913.38 764.22 -1 -1 -1 -1000 -1000 -1000 -10 0.49
212 1 car -1 -1 -1 888.74 734.56 914.32 762.59 -1 -1 -1 -1000 -1000 -1000 -10 0.82
213 1 car -1 -1 -1 890.14 734.04 915.43 763.01 -1 -1 -1 -1000 -1000 -1000 -10 0.86
214 1 car -1 -1 -1 890.21 734.84 918.44 764.25 -1 -1 -1 -1000 -1000 -1000 -10 0.66
215 1 car -1 -1 -1 894.73 737.64 919.96 765.83 -1 -1 -1 -1000 -1000 -1000 -10 0.82
216 1 car -1 -1 -1 896.74 738.38 921.30 765.83 -1 -1 -1 -1000 -1000 -1000 -10 0.85
217 1 car -1 -1 -1 897.48 736.08 924.74 764.75 -1 -1 -1 -1000 -1000 -1000 -10 0.46
218 1 car -1 -1 -1 899.66 734.95 927.24 763.58 -1 -1 -1 -1000 -1000 -1000 -10 0.73
219 1 car -1 -1 -1 901.67 736.81 927.99 764.02 -1 -1 -1 -1000 -1000 -1000 -10 0.61
220 1 car -1 -1 -1 903.99 737.92 929.10 766.54 -1 -1 -1 -1000 -1000 -1000 -10 0.84
221 1 car -1 -1 -1 905.35 736.35 932.08 764.40 -1 -1 -1 -1000 -1000 -1000 -10 0.49
222 1 car -1 -1 -1 907.33 734.08 932.05 761.61 -1 -1 -1 -1000 -1000 -1000 -10 0.85
223 1 car -1 -1 -1 907.12 734.07 934.36 763.17 -1 -1 -1 -1000 -1000 -1000 -10 0.84
224 1 car -1 -1 -1 909.05 736.76 935.88 765.18 -1 -1 -1 -1000 -1000 -1000 -10 0.74
225 1 car -1 -1 -1 911.20 736.31 937.96 765.31 -1 -1 -1 -1000 -1000 -1000 -10 0.58
226 1 car -1 -1 -1 912.09 735.19 939.59 763.77 -1 -1 -1 -1000 -1000 -1000 -10 0.69
227 1 car -1 -1 -1 912.64 734.97 940.15 763.81 -1 -1 -1 -1000 -1000 -1000 -10 0.74
228 1 car -1 -1 -1 913.89 734.70 941.20 763.63 -1 -1 -1 -1000 -1000 -1000 -10 0.82
229 1 car -1 -1 -1 915.32 733.43 942.23 761.94 -1 -1 -1 -1000 -1000 -1000 -10 0.80
230 1 car -1 -1 -1 915.62 733.56 942.97 761.83 -1 -1 -1 -1000 -1000 -1000 -10 0.57
231 1 car -1 -1 -1 917.09 735.31 945.40 763.77 -1 -1 -1 -1000 -1000 -1000 -10 0.60
232 1 car -1 -1 -1 918.25 735.10 945.83 763.94 -1 -1 -1 -1000 -1000 -1000 -10 0.62
233 1 car -1 -1 -1 919.77 734.67 947.00 763.71 -1 -1 -1 -1000 -1000 -1000 -10 0.79
234 1 car -1 -1 -1 921.11 734.85 947.63 763.47 -1 -1 -1 -1000 -1000 -1000 -10 0.80
235 1 car -1 -1 -1 920.43 735.16 949.02 764.07 -1 -1 -1 -1000 -1000 -1000 -10 0.58
236 1 car -1 -1 -1 920.50 734.71 949.88 764.00 -1 -1 -1 -1000 -1000 -1000 -10 0.53
237 1 car -1 -1 -1 923.40 735.37 950.88 763.95 -1 -1 -1 -1000 -1000 -1000 -10 0.54
238 1 car -1 -1 -1 923.87 735.55 951.28 763.78 -1 -1 -1 -1000 -1000 -1000 -10 0.54
239 1 car -1 -1 -1 924.31 735.05 951.44 763.81 -1 -1 -1 -1000 -1000 -1000 -10 0.74
240 1 car -1 -1 -1 923.81 734.51 951.79 763.84 -1 -1 -1 -1000 -1000 -1000 -10 0.78
241 1 car -1 -1 -1 923.33 734.51 951.91 763.75 -1 -1 -1 -1000 -1000 -1000 -10 0.78
242 1 car -1 -1 -1 922.98 734.79 951.60 764.09 -1 -1 -1 -1000 -1000 -1000 -10 0.68
243 1 car -1 -1 -1 921.10 733.52 951.99 764.63 -1 -1 -1 -1000 -1000 -1000 -10 0.61
244 1 car -1 -1 -1 920.35 734.47 949.81 764.00 -1 -1 -1 -1000 -1000 -1000 -10 0.73
245 1 car -1 -1 -1 921.15 736.04 947.43 765.13 -1 -1 -1 -1000 -1000 -1000 -10 0.64
246 1 car -1 -1 -1 919.18 736.53 946.09 766.09 -1 -1 -1 -1000 -1000 -1000 -10 0.79
247 1 car -1 -1 -1 917.58 736.46 945.33 766.35 -1 -1 -1 -1000 -1000 -1000 -10 0.77
248 1 car -1 -1 -1 916.47 735.59 944.91 765.76 -1 -1 -1 -1000 -1000 -1000 -10 0.62
249 1 car -1 -1 -1 914.34 734.01 944.31 764.85 -1 -1 -1 -1000 -1000 -1000 -10 0.65
250 1 car -1 -1 -1 912.90 733.72 942.39 763.52 -1 -1 -1 -1000 -1000 -1000 -10 0.86
251 1 car -1 -1 -1 912.03 735.12 940.71 764.13 -1 -1 -1 -1000 -1000 -1000 -10 0.67
252 1 car -1 -1 -1 911.24 736.36 939.11 766.75 -1 -1 -1 -1000 -1000 -1000 -10 0.79
253 1 car -1 -1 -1 910.53 736.61 938.74 766.68 -1 -1 -1 -1000 -1000 -1000 -10 0.66
254 1 car -1 -1 -1 909.27 734.53 937.46 763.98 -1 -1 -1 -1000 -1000 -1000 -10 0.59
255 1 car -1 -1 -1 908.72 734.09 938.24 764.09 -1 -1 -1 -1000 -1000 -1000 -10 0.69
256 1 car -1 -1 -1 907.67 734.60 938.16 764.50 -1 -1 -1 -1000 -1000 -1000 -10 0.66
257 1 car -1 -1 -1 907.89 735.08 937.04 764.23 -1 -1 -1 -1000 -1000 -1000 -10 0.66
258 1 car -1 -1 -1 907.41 734.06 937.56 763.67 -1 -1 -1 -1000 -1000 -1000 -10 0.85
259 1 car -1 -1 -1 907.28 733.32 937.43 763.26 -1 -1 -1 -1000 -1000 -1000 -10 0.87
260 1 car -1 -1 -1 908.18 734.50 937.44 764.48 -1 -1 -1 -1000 -1000 -1000 -10 0.73
261 1 car -1 -1 -1 907.92 734.84 937.21 764.36 -1 -1 -1 -1000 -1000 -1000 -10 0.70
262 1 car -1 -1 -1 907.74 733.88 938.04 764.04 -1 -1 -1 -1000 -1000 -1000 -10 0.81
263 1 car -1 -1 -1 907.69 734.04 937.79 764.10 -1 -1 -1 -1000 -1000 -1000 -10 0.81
264 1 car -1 -1 -1 908.00 734.84 937.35 764.63 -1 -1 -1 -1000 -1000 -1000 -10 0.55
265 1 car -1 -1 -1 907.91 735.21 938.16 765.62 -1 -1 -1 -1000 -1000 -1000 -10 0.51
266 1 car -1 -1 -1 908.23 734.46 938.19 764.62 -1 -1 -1 -1000 -1000 -1000 -10 0.66
267 1 car -1 -1 -1 908.11 733.85 938.86 764.69 -1 -1 -1 -1000 -1000 -1000 -10 0.64
268 1 car -1 -1 -1 908.86 733.62 940.27 765.36 -1 -1 -1 -1000 -1000 -1000 -10 0.55
269 1 car -1 -1 -1 908.21 734.28 938.57 764.70 -1 -1 -1 -1000 -1000 -1000 -10 0.46
270 1 car -1 -1 -1 909.18 733.52 940.12 765.08 -1 -1 -1 -1000 -1000 -1000 -10 0.64
271 1 car -1 -1 -1 908.28 733.92 938.62 764.79 -1 -1 -1 -1000 -1000 -1000 -10 0.61
272 1 car -1 -1 -1 908.64 733.47 940.79 765.57 -1 -1 -1 -1000 -1000 -1000 -10 0.58
273 1 car -1 -1 -1 908.15 732.66 941.22 764.72 -1 -1 -1 -1000 -1000 -1000 -10 0.62
274 1 car -1 -1 -1 908.66 732.58 940.32 763.89 -1 -1 -1 -1000 -1000 -1000 -10 0.63
275 1 car -1 -1 -1 908.73 732.29 940.33 763.98 -1 -1 -1 -1000 -1000 -1000 -10 0.66
276 1 car -1 -1 -1 908.81 732.25 940.66 763.94 -1 -1 -1 -1000 -1000 -1000 -10 0.77
277 1 car -1 -1 -1 908.67 732.23 940.73 764.36 -1 -1 -1 -1000 -1000 -1000 -10 0.74
278 1 car -1 -1 -1 907.98 732.40 941.30 765.04 -1 -1 -1 -1000 -1000 -1000 -10 0.68
279 1 car -1 -1 -1 907.25 733.25 939.44 765.83 -1 -1 -1 -1000 -1000 -1000 -10 0.50
280 1 car -1 -1 -1 909.05 734.07 940.03 766.62 -1 -1 -1 -1000 -1000 -1000 -10 0.46
281 1 car -1 -1 -1 907.08 734.33 939.36 767.85 -1 -1 -1 -1000 -1000 -1000 -10 0.67
282 1 car -1 -1 -1 907.00 733.87 939.58 767.89 -1 -1 -1 -1000 -1000 -1000 -10 0.62
283 1 car -1 -1 -1 905.41 733.10 938.67 765.98 -1 -1 -1 -1000 -1000 -1000 -10 0.74
284 1 car -1 -1 -1 905.16 732.30 938.41 764.83 -1 -1 -1 -1000 -1000 -1000 -10 0.87
285 1 car -1 -1 -1 903.73 731.02 937.55 764.12 -1 -1 -1 -1000 -1000 -1000 -10 0.89
286 1 car -1 -1 -1 902.57 731.71 938.05 765.48 -1 -1 -1 -1000 -1000 -1000 -10 0.86
287 1 car -1 -1 -1 902.38 732.28 936.87 765.67 -1 -1 -1 -1000 -1000 -1000 -10 0.81
288 1 car -1 -1 -1 901.95 731.65 936.86 765.77 -1 -1 -1 -1000 -1000 -1000 -10 0.82
289 1 car -1 -1 -1 901.48 729.91 935.58 763.85 -1 -1 -1 -1000 -1000 -1000 -10 0.65
290 1 car -1 -1 -1 901.25 729.67 933.77 763.84 -1 -1 -1 -1000 -1000 -1000 -10 0.69
291 1 car -1 -1 -1 899.26 731.60 934.06 765.22 -1 -1 -1 -1000 -1000 -1000 -10 0.84
292 1 car -1 -1 -1 898.88 732.35 933.61 765.69 -1 -1 -1 -1000 -1000 -1000 -10 0.83
293 1 car -1 -1 -1 898.83 731.62 933.29 765.15 -1 -1 -1 -1000 -1000 -1000 -10 0.87
294 1 car -1 -1 -1 898.31 732.48 932.40 766.35 -1 -1 -1 -1000 -1000 -1000 -10 0.79
295 1 car -1 -1 -1 898.19 732.32 932.61 765.31 -1 -1 -1 -1000 -1000 -1000 -10 0.86
296 1 car -1 -1 -1 897.74 732.12 932.19 765.55 -1 -1 -1 -1000 -1000 -1000 -10 0.87
297 1 car -1 -1 -1 896.72 730.22 933.27 764.85 -1 -1 -1 -1000 -1000 -1000 -10 0.90
298 1 car -1 -1 -1 895.99 730.06 931.95 765.13 -1 -1 -1 -1000 -1000 -1000 -10 0.89
299 1 car -1 -1 -1 896.46 731.72 930.41 766.83 -1 -1 -1 -1000 -1000 -1000 -10 0.76
300 1 car -1 -1 -1 895.48 730.64 930.73 765.99 -1 -1 -1 -1000 -1000 -1000 -10 0.79
301 1 car -1 -1 -1 895.39 729.96 930.77 765.25 -1 -1 -1 -1000 -1000 -1000 -10 0.80
302 1 car -1 -1 -1 896.08 730.56 930.07 766.23 -1 -1 -1 -1000 -1000 -1000 -10 0.78
303 1 car -1 -1 -1 895.27 730.67 930.60 767.78 -1 -1 -1 -1000 -1000 -1000 -10 0.72
304 1 car -1 -1 -1 895.68 730.67 930.56 766.18 -1 -1 -1 -1000 -1000 -1000 -10 0.78
305 1 car -1 -1 -1 895.34 729.05 931.36 765.36 -1 -1 -1 -1000 -1000 -1000 -10 0.84
306 1 car -1 -1 -1 894.76 728.98 931.23 765.56 -1 -1 -1 -1000 -1000 -1000 -10 0.78
307 1 car -1 -1 -1 895.20 728.61 930.71 765.57 -1 -1 -1 -1000 -1000 -1000 -10 0.78
308 1 car -1 -1 -1 895.31 729.45 930.95 764.71 -1 -1 -1 -1000 -1000 -1000 -10 0.81
309 1 car -1 -1 -1 895.03 727.54 931.87 764.59 -1 -1 -1 -1000 -1000 -1000 -10 0.85
310 1 car -1 -1 -1 895.29 728.09 931.72 764.36 -1 -1 -1 -1000 -1000 -1000 -10 0.86
311 1 car -1 -1 -1 895.10 729.34 932.86 766.50 -1 -1 -1 -1000 -1000 -1000 -10 0.88
312 1 car -1 -1 -1 895.24 730.12 933.65 766.93 -1 -1 -1 -1000 -1000 -1000 -10 0.88
313 1 car -1 -1 -1 895.14 728.98 933.29 766.06 -1 -1 -1 -1000 -1000 -1000 -10 0.89
314 1 car -1 -1 -1 896.02 727.12 932.77 764.13 -1 -1 -1 -1000 -1000 -1000 -10 0.87
315 1 car -1 -1 -1 895.21 726.92 934.46 765.81 -1 -1 -1 -1000 -1000 -1000 -10 0.90
316 1 car -1 -1 -1 895.73 727.27 934.86 766.58 -1 -1 -1 -1000 -1000 -1000 -10 0.90
317 1 car -1 -1 -1 896.14 726.68 935.30 765.75 -1 -1 -1 -1000 -1000 -1000 -10 0.88
318 1 car -1 -1 -1 897.37 726.07 936.47 765.86 -1 -1 -1 -1000 -1000 -1000 -10 0.81
319 1 car -1 -1 -1 897.58 726.48 936.38 765.97 -1 -1 -1 -1000 -1000 -1000 -10 0.83
320 1 car -1 -1 -1 897.69 725.99 937.14 766.30 -1 -1 -1 -1000 -1000 -1000 -10 0.69
321 1 car -1 -1 -1 899.39 727.44 937.88 766.83 -1 -1 -1 -1000 -1000 -1000 -10 0.72
322 1 car -1 -1 -1 899.11 727.16 938.51 767.16 -1 -1 -1 -1000 -1000 -1000 -10 0.78
323 1 car -1 -1 -1 899.64 727.26 938.58 766.69 -1 -1 -1 -1000 -1000 -1000 -10 0.83
324 1 car -1 -1 -1 899.43 726.78 940.00 767.09 -1 -1 -1 -1000 -1000 -1000 -10 0.88
325 1 car -1 -1 -1 900.60 726.68 940.96 767.14 -1 -1 -1 -1000 -1000 -1000 -10 0.90
326 1 car -1 -1 -1 900.72 726.49 941.06 767.43 -1 -1 -1 -1000 -1000 -1000 -10 0.89
327 1 car -1 -1 -1 901.07 726.47 942.40 767.67 -1 -1 -1 -1000 -1000 -1000 -10 0.90
328 1 car -1 -1 -1 901.95 725.42 943.54 766.90 -1 -1 -1 -1000 -1000 -1000 -10 0.85
329 1 car -1 -1 -1 902.30 725.75 943.80 767.72 -1 -1 -1 -1000 -1000 -1000 -10 0.81
330 1 car -1 -1 -1 901.45 726.40 945.50 769.80 -1 -1 -1 -1000 -1000 -1000 -10 0.71
331 1 car -1 -1 -1 902.48 727.60 947.10 770.41 -1 -1 -1 -1000 -1000 -1000 -10 0.72
332 1 car -1 -1 -1 903.71 726.95 945.85 768.34 -1 -1 -1 -1000 -1000 -1000 -10 0.79
333 1 car -1 -1 -1 903.25 726.58 946.46 769.20 -1 -1 -1 -1000 -1000 -1000 -10 0.81
334 1 car -1 -1 -1 904.59 729.81 946.03 771.15 -1 -1 -1 -1000 -1000 -1000 -10 0.61
335 1 car -1 -1 -1 903.94 727.19 946.95 770.02 -1 -1 -1 -1000 -1000 -1000 -10 0.85
336 1 car -1 -1 -1 903.73 726.54 946.46 769.05 -1 -1 -1 -1000 -1000 -1000 -10 0.84
337 1 car -1 -1 -1 903.42 725.19 946.49 768.86 -1 -1 -1 -1000 -1000 -1000 -10 0.82
338 1 car -1 -1 -1 902.56 724.51 947.15 769.11 -1 -1 -1 -1000 -1000 -1000 -10 0.81
339 1 car -1 -1 -1 901.33 724.15 945.67 769.37 -1 -1 -1 -1000 -1000 -1000 -10 0.74
340 1 car -1 -1 -1 902.89 726.25 947.15 769.91 -1 -1 -1 -1000 -1000 -1000 -10 0.83
341 1 car -1 -1 -1 902.15 725.65 947.41 770.34 -1 -1 -1 -1000 -1000 -1000 -10 0.79
342 1 car -1 -1 -1 900.10 723.41 946.92 769.88 -1 -1 -1 -1000 -1000 -1000 -10 0.76
343 1 car -1 -1 -1 900.61 723.92 946.13 769.99 -1 -1 -1 -1000 -1000 -1000 -10 0.75
344 1 car -1 -1 -1 899.79 723.55 946.28 769.75 -1 -1 -1 -1000 -1000 -1000 -10 0.82
345 1 car -1 -1 -1 900.17 723.44 946.63 770.50 -1 -1 -1 -1000 -1000 -1000 -10 0.74
346 1 car -1 -1 -1 899.63 723.80 947.06 771.31 -1 -1 -1 -1000 -1000 -1000 -10 0.78
347 1 car -1 -1 -1 899.41 721.91 947.80 770.26 -1 -1 -1 -1000 -1000 -1000 -10 0.75
348 1 car -1 -1 -1 901.53 723.07 947.83 770.86 -1 -1 -1 -1000 -1000 -1000 -10 0.79
349 1 car -1 -1 -1 901.30 723.05 948.21 771.30 -1 -1 -1 -1000 -1000 -1000 -10 0.81
350 1 car -1 -1 -1 900.83 721.77 948.41 771.40 -1 -1 -1 -1000 -1000 -1000 -10 0.77
351 1 car -1 -1 -1 901.14 721.52 948.12 771.11 -1 -1 -1 -1000 -1000 -1000 -10 0.78
352 1 car -1 -1 -1 900.85 721.53 949.01 772.10 -1 -1 -1 -1000 -1000 -1000 -10 0.85
353 1 car -1 -1 -1 899.82 721.98 949.48 772.80 -1 -1 -1 -1000 -1000 -1000 -10 0.80
354 1 car -1 -1 -1 900.01 722.31 949.69 772.79 -1 -1 -1 -1000 -1000 -1000 -10 0.85
355 1 car -1 -1 -1 899.44 722.69 949.98 772.77 -1 -1 -1 -1000 -1000 -1000 -10 0.81
356 1 car -1 -1 -1 899.67 722.36 950.96 772.85 -1 -1 -1 -1000 -1000 -1000 -10 0.89
357 1 car -1 -1 -1 899.79 721.45 951.12 772.83 -1 -1 -1 -1000 -1000 -1000 -10 0.91
358 1 car -1 -1 -1 900.03 720.39 951.31 772.28 -1 -1 -1 -1000 -1000 -1000 -10 0.90
359 1 car -1 -1 -1 899.61 720.51 952.03 772.71 -1 -1 -1 -1000 -1000 -1000 -10 0.91
360 1 car -1 -1 -1 898.99 722.20 951.96 774.07 -1 -1 -1 -1000 -1000 -1000 -10 0.90
361 1 car -1 -1 -1 899.24 721.52 952.03 774.58 -1 -1 -1 -1000 -1000 -1000 -10 0.90
362 1 car -1 -1 -1 898.57 720.78 953.05 774.25 -1 -1 -1 -1000 -1000 -1000 -10 0.92
363 1 car -1 -1 -1 898.15 720.61 953.15 775.15 -1 -1 -1 -1000 -1000 -1000 -10 0.92
364 1 car -1 -1 -1 898.09 721.06 953.56 774.83 -1 -1 -1 -1000 -1000 -1000 -10 0.93
365 1 car -1 -1 -1 898.09 720.89 953.85 774.78 -1 -1 -1 -1000 -1000 -1000 -10 0.92
366 1 car -1 -1 -1 897.83 720.23 954.40 775.26 -1 -1 -1 -1000 -1000 -1000 -10 0.92
367 1 car -1 -1 -1 898.34 721.61 953.72 775.59 -1 -1 -1 -1000 -1000 -1000 -10 0.90
368 1 car -1 -1 -1 897.35 719.66 955.48 776.18 -1 -1 -1 -1000 -1000 -1000 -10 0.93
369 1 car -1 -1 -1 896.71 719.32 955.62 776.33 -1 -1 -1 -1000 -1000 -1000 -10 0.93
370 1 car -1 -1 -1 896.58 719.15 955.71 776.35 -1 -1 -1 -1000 -1000 -1000 -10 0.93
371 1 car -1 -1 -1 895.64 718.41 956.49 777.08 -1 -1 -1 -1000 -1000 -1000 -10 0.94
372 1 car -1 -1 -1 896.14 718.82 955.92 776.35 -1 -1 -1 -1000 -1000 -1000 -10 0.94
373 1 car -1 -1 -1 895.55 718.57 956.41 777.37 -1 -1 -1 -1000 -1000 -1000 -10 0.93
374 1 car -1 -1 -1 895.45 718.20 956.22 777.19 -1 -1 -1 -1000 -1000 -1000 -10 0.93
375 1 car -1 -1 -1 894.45 716.49 956.79 776.34 -1 -1 -1 -1000 -1000 -1000 -10 0.93
376 1 car -1 -1 -1 894.30 715.17 956.85 776.48 -1 -1 -1 -1000 -1000 -1000 -10 0.92
377 1 car -1 -1 -1 893.22 714.67 956.64 777.65 -1 -1 -1 -1000 -1000 -1000 -10 0.89
378 1 car -1 -1 -1 892.56 714.49 956.99 778.50 -1 -1 -1 -1000 -1000 -1000 -10 0.88
379 1 car -1 -1 -1 891.87 714.24 957.41 778.70 -1 -1 -1 -1000 -1000 -1000 -10 0.85
380 1 car -1 -1 -1 891.82 714.53 957.44 778.70 -1 -1 -1 -1000 -1000 -1000 -10 0.86
381 1 car -1 -1 -1 891.56 714.71 957.96 778.92 -1 -1 -1 -1000 -1000 -1000 -10 0.87
382 1 car -1 -1 -1 891.18 713.03 958.73 778.25 -1 -1 -1 -1000 -1000 -1000 -10 0.90
383 1 car -1 -1 -1 890.90 712.72 959.11 778.64 -1 -1 -1 -1000 -1000 -1000 -10 0.90
384 1 car -1 -1 -1 890.34 714.69 960.29 780.86 -1 -1 -1 -1000 -1000 -1000 -10 0.92
385 1 car -1 -1 -1 890.31 714.07 960.48 781.93 -1 -1 -1 -1000 -1000 -1000 -10 0.92
386 1 car -1 -1 -1 891.61 712.58 961.97 780.87 -1 -1 -1 -1000 -1000 -1000 -10 0.95
387 1 car -1 -1 -1 895.38 712.44 968.42 782.06 -1 -1 -1 -1000 -1000 -1000 -10 0.95
388 1 car -1 -1 -1 900.88 711.85 973.84 781.99 -1 -1 -1 -1000 -1000 -1000 -10 0.93
389 1 car -1 -1 -1 905.87 710.09 980.32 781.22 -1 -1 -1 -1000 -1000 -1000 -10 0.92
390 1 car -1 -1 -1 911.05 708.99 986.58 781.41 -1 -1 -1 -1000 -1000 -1000 -10 0.88
391 1 car -1 -1 -1 914.44 708.05 992.38 783.72 -1 -1 -1 -1000 -1000 -1000 -10 0.90
392 1 car -1 -1 -1 918.95 707.56 996.73 783.16 -1 -1 -1 -1000 -1000 -1000 -10 0.93
393 1 car -1 -1 -1 922.35 708.21 1002.35 784.00 -1 -1 -1 -1000 -1000 -1000 -10 0.94
394 1 car -1 -1 -1 926.25 708.12 1007.00 783.43 -1 -1 -1 -1000 -1000 -1000 -10 0.88
395 1 car -1 -1 -1 928.49 706.91 1011.47 784.39 -1 -1 -1 -1000 -1000 -1000 -10 0.94
396 1 car -1 -1 -1 931.93 707.31 1014.33 783.73 -1 -1 -1 -1000 -1000 -1000 -10 0.90
397 1 car -1 -1 -1 932.54 705.84 1019.86 786.10 -1 -1 -1 -1000 -1000 -1000 -10 0.95
398 1 car -1 -1 -1 935.50 706.55 1021.83 783.89 -1 -1 -1 -1000 -1000 -1000 -10 0.82
399 1 car -1 -1 -1 937.34 706.54 1023.95 784.97 -1 -1 -1 -1000 -1000 -1000 -10 0.90
400 1 car -1 -1 -1 937.35 706.52 1028.77 787.35 -1 -1 -1 -1000 -1000 -1000 -10 0.86
401 1 car -1 -1 -1 939.58 706.29 1032.64 787.36 -1 -1 -1 -1000 -1000 -1000 -10 0.93
402 1 car -1 -1 -1 941.35 704.50 1035.58 787.85 -1 -1 -1 -1000 -1000 -1000 -10 0.89
403 1 car -1 -1 -1 942.72 706.67 1039.97 787.69 -1 -1 -1 -1000 -1000 -1000 -10 0.90
404 1 car -1 -1 -1 944.33 705.62 1043.80 788.14 -1 -1 -1 -1000 -1000 -1000 -10 0.93
405 1 car -1 -1 -1 945.20 703.83 1044.68 788.03 -1 -1 -1 -1000 -1000 -1000 -10 0.86
406 1 car -1 -1 -1 946.77 703.08 1048.72 787.13 -1 -1 -1 -1000 -1000 -1000 -10 0.90
407 1 car -1 -1 -1 946.19 701.77 1052.06 788.34 -1 -1 -1 -1000 -1000 -1000 -10 0.93
408 1 car -1 -1 -1 945.52 701.69 1054.24 790.08 -1 -1 -1 -1000 -1000 -1000 -10 0.94
409 1 car -1 -1 -1 944.39 703.12 1057.47 791.38 -1 -1 -1 -1000 -1000 -1000 -10 0.90
410 1 car -1 -1 -1 944.71 704.03 1061.46 791.04 -1 -1 -1 -1000 -1000 -1000 -10 0.90
411 1 car -1 -1 -1 945.52 702.68 1063.97 792.49 -1 -1 -1 -1000 -1000 -1000 -10 0.94
412 1 car -1 -1 -1 945.92 702.22 1065.24 792.19 -1 -1 -1 -1000 -1000 -1000 -10 0.93
413 1 car -1 -1 -1 945.57 698.82 1066.65 792.57 -1 -1 -1 -1000 -1000 -1000 -10 0.92
414 1 car -1 -1 -1 944.70 699.42 1069.21 793.57 -1 -1 -1 -1000 -1000 -1000 -10 0.90
415 1 car -1 -1 -1 945.09 701.05 1073.72 792.85 -1 -1 -1 -1000 -1000 -1000 -10 0.91
416 1 car -1 -1 -1 944.57 699.34 1076.64 793.39 -1 -1 -1 -1000 -1000 -1000 -10 0.93
417 1 car -1 -1 -1 945.24 699.34 1077.94 793.97 -1 -1 -1 -1000 -1000 -1000 -10 0.94
418 1 car -1 -1 -1 946.23 700.80 1083.41 793.64 -1 -1 -1 -1000 -1000 -1000 -10 0.90
419 1 car -1 -1 -1 948.62 700.05 1085.55 793.62 -1 -1 -1 -1000 -1000 -1000 -10 0.94
420 1 car -1 -1 -1 951.35 698.82 1090.87 793.12 -1 -1 -1 -1000 -1000 -1000 -10 0.90
421 1 car -1 -1 -1 948.78 698.09 1094.47 794.96 -1 -1 -1 -1000 -1000 -1000 -10 0.94
422 1 car -1 -1 -1 950.01 697.21 1096.49 794.75 -1 -1 -1 -1000 -1000 -1000 -10 0.95
423 1 car -1 -1 -1 953.30 696.27 1101.46 794.19 -1 -1 -1 -1000 -1000 -1000 -10 0.89
424 1 car -1 -1 -1 952.05 694.49 1104.77 795.45 -1 -1 -1 -1000 -1000 -1000 -10 0.91
425 1 car -1 -1 -1 953.01 694.10 1107.50 795.95 -1 -1 -1 -1000 -1000 -1000 -10 0.89
426 1 car -1 -1 -1 953.32 694.68 1114.14 795.35 -1 -1 -1 -1000 -1000 -1000 -10 0.90
427 1 car -1 -1 -1 947.58 688.43 1124.09 796.89 -1 -1 -1 -1000 -1000 -1000 -10 0.90
428 1 car -1 -1 -1 949.97 688.39 1128.84 795.58 -1 -1 -1 -1000 -1000 -1000 -10 0.91
429 1 car -1 -1 -1 949.57 689.52 1133.39 795.41 -1 -1 -1 -1000 -1000 -1000 -10 0.88
430 1 car -1 -1 -1 949.98 688.68 1143.30 796.36 -1 -1 -1 -1000 -1000 -1000 -10 0.89
431 1 car -1 -1 -1 952.54 689.40 1150.43 794.80 -1 -1 -1 -1000 -1000 -1000 -10 0.90
432 1 car -1 -1 -1 951.47 687.32 1156.05 795.58 -1 -1 -1 -1000 -1000 -1000 -10 0.91
433 1 car -1 -1 -1 951.28 687.14 1165.90 795.53 -1 -1 -1 -1000 -1000 -1000 -10 0.91
434 1 car -1 -1 -1 955.20 685.95 1173.63 795.58 -1 -1 -1 -1000 -1000 -1000 -10 0.93
435 1 car -1 -1 -1 956.04 686.45 1183.54 795.83 -1 -1 -1 -1000 -1000 -1000 -10 0.92
436 1 car -1 -1 -1 958.71 685.16 1193.70 795.68 -1 -1 -1 -1000 -1000 -1000 -10 0.90
437 1 car -1 -1 -1 960.45 677.55 1204.24 794.96 -1 -1 -1 -1000 -1000 -1000 -10 0.90
438 1 car -1 -1 -1 960.52 677.25 1217.03 794.97 -1 -1 -1 -1000 -1000 -1000 -10 0.90
439 1 car -1 -1 -1 960.33 676.91 1228.63 795.13 -1 -1 -1 -1000 -1000 -1000 -10 0.90
440 1 car -1 -1 -1 960.77 676.69 1240.15 794.67 -1 -1 -1 -1000 -1000 -1000 -10 0.89
441 1 car -1 -1 -1 963.25 676.19 1250.51 794.58 -1 -1 -1 -1000 -1000 -1000 -10 0.88
442 1 car -1 -1 -1 966.56 674.40 1268.88 796.03 -1 -1 -1 -1000 -1000 -1000 -10 0.89
443 1 car -1 -1 -1 968.96 672.34 1279.59 796.69 -1 -1 -1 -1000 -1000 -1000 -10 0.90
444 1 car -1 -1 -1 968.78 670.93 1294.89 796.73 -1 -1 -1 -1000 -1000 -1000 -10 0.86
445 1 car -1 -1 -1 969.11 662.56 1315.88 797.57 -1 -1 -1 -1000 -1000 -1000 -10 0.91
446 1 car -1 -1 -1 971.45 662.21 1336.46 798.86 -1 -1 -1 -1000 -1000 -1000 -10 0.90
447 1 car -1 -1 -1 977.95 659.16 1354.64 797.18 -1 -1 -1 -1000 -1000 -1000 -10 0.93
448 1 car -1 -1 -1 976.82 651.20 1380.41 797.83 -1 -1 -1 -1000 -1000 -1000 -10 0.91
449 1 car -1 -1 -1 981.76 650.93 1410.31 797.61 -1 -1 -1 -1000 -1000 -1000 -10 0.92
450 1 car -1 -1 -1 983.92 646.73 1435.32 798.25 -1 -1 -1 -1000 -1000 -1000 -10 0.92
451 1 car -1 -1 -1 990.86 638.60 1473.44 798.08 -1 -1 -1 -1000 -1000 -1000 -10 0.93
452 1 car -1 -1 -1 992.91 633.71 1509.24 798.00 -1 -1 -1 -1000 -1000 -1000 -10 0.93
453 1 car -1 -1 -1 997.49 622.15 1551.96 798.68 -1 -1 -1 -1000 -1000 -1000 -10 0.94
454 1 car -1 -1 -1 998.86 610.02 1587.44 797.73 -1 -1 -1 -1000 -1000 -1000 -10 0.94
455 1 car -1 -1 -1 1000.81 597.55 1644.89 797.87 -1 -1 -1 -1000 -1000 -1000 -10 0.94
456 1 car -1 -1 -1 999.14 575.37 1706.54 799.15 -1 -1 -1 -1000 -1000 -1000 -10 0.95
457 1 car -1 -1 -1 1004.35 553.35 1772.46 796.62 -1 -1 -1 -1000 -1000 -1000 -10 0.94
458 1 car -1 -1 -1 1003.75 528.37 1833.82 797.55 -1 -1 -1 -1000 -1000 -1000 -10 0.96
459 1 car -1 -1 -1 1009.88 494.10 1910.86 796.82 -1 -1 -1 -1000 -1000 -1000 -10 0.94
460 1 car -1 -1 -1 1020.75 456.03 1924.11 797.64 -1 -1 -1 -1000 -1000 -1000 -10 0.95
461 1 car -1 -1 -1 1035.33 407.40 1909.96 798.21 -1 -1 -1 -1000 -1000 -1000 -10 0.93
462 1 car -1 -1 -1 1046.98 299.76 1898.91 809.90 -1 -1 -1 -1000 -1000 -1000 -10 0.84
463 1 car -1 -1 -1 1055.81 300.97 1901.77 808.76 -1 -1 -1 -1000 -1000 -1000 -10 0.82
463 3 car -1 -1 -1 1042.93 257.27 1914.89 804.56 -1 -1 -1 -1000 -1000 -1000 -10 0.81
464 1 car -1 -1 -1 1054.52 285.19 1903.70 812.73 -1 -1 -1 -1000 -1000 -1000 -10 0.87
465 1 car -1 -1 -1 1060.23 288.43 1910.28 809.39 -1 -1 -1 -1000 -1000 -1000 -10 0.88
466 1 car -1 -1 -1 1075.96 290.18 1905.19 807.82 -1 -1 -1 -1000 -1000 -1000 -10 0.89
467 1 car -1 -1 -1 1073.70 286.94 1909.11 810.70 -1 -1 -1 -1000 -1000 -1000 -10 0.90
468 1 car -1 -1 -1 1086.90 285.11 1906.50 812.45 -1 -1 -1 -1000 -1000 -1000 -10 0.91
469 1 car -1 -1 -1 1087.86 284.08 1917.67 813.57 -1 -1 -1 -1000 -1000 -1000 -10 0.91
470 1 car -1 -1 -1 1103.90 285.12 1914.07 812.60 -1 -1 -1 -1000 -1000 -1000 -10 0.91
471 1 car -1 -1 -1 1116.68 271.00 1912.51 814.99 -1 -1 -1 -1000 -1000 -1000 -10 0.88
472 1 car -1 -1 -1 1124.88 287.09 1916.97 810.60 -1 -1 -1 -1000 -1000 -1000 -10 0.89
473 1 car -1 -1 -1 1137.67 280.64 1916.59 805.47 -1 -1 -1 -1000 -1000 -1000 -10 0.89
474 1 car -1 -1 -1 1153.13 255.12 1913.18 806.64 -1 -1 -1 -1000 -1000 -1000 -10 0.87
475 1 car -1 -1 -1 1173.86 255.60 1915.86 806.09 -1 -1 -1 -1000 -1000 -1000 -10 0.86
476 1 car -1 -1 -1 1183.80 255.35 1918.12 806.27 -1 -1 -1 -1000 -1000 -1000 -10 0.87
477 1 car -1 -1 -1 1211.06 254.19 1913.94 807.55 -1 -1 -1 -1000 -1000 -1000 -10 0.88
478 1 car -1 -1 -1 1218.13 258.46 1920.09 803.34 -1 -1 -1 -1000 -1000 -1000 -10 0.88
479 1 car -1 -1 -1 1231.91 256.67 1930.02 805.28 -1 -1 -1 -1000 -1000 -1000 -10 0.82
480 1 car -1 -1 -1 1267.62 252.11 1928.99 809.80 -1 -1 -1 -1000 -1000 -1000 -10 0.83
481 1 car -1 -1 -1 1301.54 254.66 1933.09 806.79 -1 -1 -1 -1000 -1000 -1000 -10 0.89
482 1 car -1 -1 -1 1340.09 238.17 1927.87 811.30 -1 -1 -1 -1000 -1000 -1000 -10 0.89
483 1 car -1 -1 -1 1374.68 224.05 1919.76 789.80 -1 -1 -1 -1000 -1000 -1000 -10 0.88
484 1 car -1 -1 -1 1434.31 225.85 1906.90 787.99 -1 -1 -1 -1000 -1000 -1000 -10 0.86
485 1 car -1 -1 -1 1483.49 229.30 1906.91 784.41 -1 -1 -1 -1000 -1000 -1000 -10 0.89
486 1 car -1 -1 -1 1558.14 228.76 1904.87 784.83 -1 -1 -1 -1000 -1000 -1000 -10 0.80
487 1 car -1 -1 -1 1627.14 214.91 1917.24 799.03 -1 -1 -1 -1000 -1000 -1000 -10 0.72
488 1 car -1 -1 -1 1694.46 217.77 1924.03 796.04 -1 -1 -1 -1000 -1000 -1000 -10 0.61
488 4 car -1 -1 -1 1718.86 259.24 1921.25 802.35 -1 -1 -1 -1000 -1000 -1000 -10 0.42
489 4 car -1 -1 -1 1804.63 211.36 1909.63 802.47 -1 -1 -1 -1000 -1000 -1000 -10 0.43
489 1 car -1 -1 -1 1814.22 182.78 1910.83 782.95 -1 -1 -1 -1000 -1000 -1000 -10 0.33
544 5 car -1 -1 -1 16.87 598.47 289.88 788.38 -1 -1 -1 -1000 -1000 -1000 -10 0.48
545 5 car -1 -1 -1 17.26 639.46 325.14 782.66 -1 -1 -1 -1000 -1000 -1000 -10 0.32
546 5 car -1 -1 -1 7.46 657.84 372.02 788.52 -1 -1 -1 -1000 -1000 -1000 -10 0.73
547 5 car -1 -1 -1 14.36 669.63 434.83 790.00 -1 -1 -1 -1000 -1000 -1000 -10 0.80
548 5 car -1 -1 -1 15.38 683.27 482.46 788.23 -1 -1 -1 -1000 -1000 -1000 -10 0.69
549 5 car -1 -1 -1 51.10 690.91 530.44 790.75 -1 -1 -1 -1000 -1000 -1000 -10 0.70
550 5 car -1 -1 -1 116.33 700.86 561.93 789.79 -1 -1 -1 -1000 -1000 -1000 -10 0.59
551 5 car -1 -1 -1 191.54 704.48 582.55 791.69 -1 -1 -1 -1000 -1000 -1000 -10 0.61
552 5 car -1 -1 -1 258.18 712.22 601.14 792.16 -1 -1 -1 -1000 -1000 -1000 -10 0.84
553 5 car -1 -1 -1 312.66 714.30 618.41 792.95 -1 -1 -1 -1000 -1000 -1000 -10 0.86
554 5 car -1 -1 -1 358.28 720.36 645.20 793.15 -1 -1 -1 -1000 -1000 -1000 -10 0.81
555 5 car -1 -1 -1 399.64 720.60 662.03 793.95 -1 -1 -1 -1000 -1000 -1000 -10 0.87
556 5 car -1 -1 -1 438.42 722.17 681.20 794.11 -1 -1 -1 -1000 -1000 -1000 -10 0.86
557 5 car -1 -1 -1 467.30 725.74 692.09 793.36 -1 -1 -1 -1000 -1000 -1000 -10 0.91
558 5 car -1 -1 -1 500.56 725.44 703.20 794.06 -1 -1 -1 -1000 -1000 -1000 -10 0.91
559 5 car -1 -1 -1 526.23 727.45 713.46 794.03 -1 -1 -1 -1000 -1000 -1000 -10 0.89
560 5 car -1 -1 -1 552.31 733.85 723.61 793.59 -1 -1 -1 -1000 -1000 -1000 -10 0.89
561 5 car -1 -1 -1 568.43 735.87 734.62 792.83 -1 -1 -1 -1000 -1000 -1000 -10 0.88
562 5 car -1 -1 -1 587.84 737.19 741.40 793.07 -1 -1 -1 -1000 -1000 -1000 -10 0.85
563 5 car -1 -1 -1 607.21 736.45 751.36 795.01 -1 -1 -1 -1000 -1000 -1000 -10 0.83
564 5 car -1 -1 -1 624.25 734.85 757.97 794.73 -1 -1 -1 -1000 -1000 -1000 -10 0.82
565 5 car -1 -1 -1 638.73 735.35 762.80 793.32 -1 -1 -1 -1000 -1000 -1000 -10 0.85
566 5 car -1 -1 -1 652.81 734.93 770.50 792.49 -1 -1 -1 -1000 -1000 -1000 -10 0.90
567 5 car -1 -1 -1 662.85 735.31 775.79 793.00 -1 -1 -1 -1000 -1000 -1000 -10 0.81
568 5 car -1 -1 -1 676.16 736.14 780.69 794.27 -1 -1 -1 -1000 -1000 -1000 -10 0.91
569 5 car -1 -1 -1 685.61 739.32 787.11 793.90 -1 -1 -1 -1000 -1000 -1000 -10 0.86
570 5 car -1 -1 -1 693.37 740.05 791.41 793.65 -1 -1 -1 -1000 -1000 -1000 -10 0.85
571 5 car -1 -1 -1 703.96 741.52 792.94 792.89 -1 -1 -1 -1000 -1000 -1000 -10 0.72
572 5 car -1 -1 -1 712.34 741.47 797.61 792.98 -1 -1 -1 -1000 -1000 -1000 -10 0.72
573 5 car -1 -1 -1 719.04 740.62 801.70 793.26 -1 -1 -1 -1000 -1000 -1000 -10 0.85
574 5 car -1 -1 -1 727.45 740.46 804.99 793.22 -1 -1 -1 -1000 -1000 -1000 -10 0.86
575 5 car -1 -1 -1 733.14 741.08 808.08 792.94 -1 -1 -1 -1000 -1000 -1000 -10 0.85
576 5 car -1 -1 -1 738.15 741.88 811.82 792.35 -1 -1 -1 -1000 -1000 -1000 -10 0.73
577 5 car -1 -1 -1 744.11 742.84 812.94 791.73 -1 -1 -1 -1000 -1000 -1000 -10 0.74
578 5 car -1 -1 -1 748.22 742.99 816.29 791.76 -1 -1 -1 -1000 -1000 -1000 -10 0.74
579 5 car -1 -1 -1 754.18 743.41 819.21 790.65 -1 -1 -1 -1000 -1000 -1000 -10 0.71
580 5 car -1 -1 -1 759.27 743.87 820.58 788.91 -1 -1 -1 -1000 -1000 -1000 -10 0.89
581 5 car -1 -1 -1 763.16 744.38 823.31 788.09 -1 -1 -1 -1000 -1000 -1000 -10 0.85
582 5 car -1 -1 -1 767.95 745.67 824.87 787.97 -1 -1 -1 -1000 -1000 -1000 -10 0.83
583 5 car -1 -1 -1 772.61 744.92 826.35 786.04 -1 -1 -1 -1000 -1000 -1000 -10 0.89
584 5 car -1 -1 -1 776.06 743.65 828.55 783.52 -1 -1 -1 -1000 -1000 -1000 -10 0.88
585 5 car -1 -1 -1 778.19 743.61 830.76 782.67 -1 -1 -1 -1000 -1000 -1000 -10 0.73
586 5 car -1 -1 -1 780.89 744.75 830.67 781.77 -1 -1 -1 -1000 -1000 -1000 -10 0.87
587 5 car -1 -1 -1 784.14 745.42 831.76 781.47 -1 -1 -1 -1000 -1000 -1000 -10 0.86
588 5 car -1 -1 -1 787.31 745.02 833.87 780.22 -1 -1 -1 -1000 -1000 -1000 -10 0.69
589 5 car -1 -1 -1 789.09 743.67 834.15 778.71 -1 -1 -1 -1000 -1000 -1000 -10 0.73
590 5 car -1 -1 -1 790.47 743.82 834.81 778.44 -1 -1 -1 -1000 -1000 -1000 -10 0.73
591 5 car -1 -1 -1 792.17 744.24 836.49 778.34 -1 -1 -1 -1000 -1000 -1000 -10 0.66
592 5 car -1 -1 -1 794.76 744.19 835.65 776.87 -1 -1 -1 -1000 -1000 -1000 -10 0.55
593 5 car -1 -1 -1 797.60 744.76 835.71 775.20 -1 -1 -1 -1000 -1000 -1000 -10 0.69
594 5 car -1 -1 -1 798.76 744.25 836.51 774.06 -1 -1 -1 -1000 -1000 -1000 -10 0.83
595 5 car -1 -1 -1 800.15 744.94 837.45 773.98 -1 -1 -1 -1000 -1000 -1000 -10 0.82
596 5 car -1 -1 -1 801.50 745.56 838.50 774.39 -1 -1 -1 -1000 -1000 -1000 -10 0.76
597 5 car -1 -1 -1 802.52 745.26 839.47 774.69 -1 -1 -1 -1000 -1000 -1000 -10 0.59
598 5 car -1 -1 -1 804.62 746.17 840.41 773.85 -1 -1 -1 -1000 -1000 -1000 -10 0.63
599 5 car -1 -1 -1 805.63 745.84 839.98 772.42 -1 -1 -1 -1000 -1000 -1000 -10 0.73
600 5 car -1 -1 -1 807.14 745.55 840.30 771.80 -1 -1 -1 -1000 -1000 -1000 -10 0.83
601 5 car -1 -1 -1 808.50 745.84 840.55 771.62 -1 -1 -1 -1000 -1000 -1000 -10 0.80
602 5 car -1 -1 -1 810.00 745.61 841.55 770.15 -1 -1 -1 -1000 -1000 -1000 -10 0.79
603 5 car -1 -1 -1 810.64 745.49 842.84 770.43 -1 -1 -1 -1000 -1000 -1000 -10 0.73
604 5 car -1 -1 -1 811.46 745.35 842.93 770.90 -1 -1 -1 -1000 -1000 -1000 -10 0.58
605 5 car -1 -1 -1 813.63 746.03 844.16 770.29 -1 -1 -1 -1000 -1000 -1000 -10 0.68
606 5 car -1 -1 -1 814.04 745.08 844.67 768.46 -1 -1 -1 -1000 -1000 -1000 -10 0.74
607 5 car -1 -1 -1 814.73 745.10 844.97 767.96 -1 -1 -1 -1000 -1000 -1000 -10 0.70
608 5 car -1 -1 -1 816.57 746.43 845.70 769.30 -1 -1 -1 -1000 -1000 -1000 -10 0.73
609 5 car -1 -1 -1 817.69 746.70 846.63 770.02 -1 -1 -1 -1000 -1000 -1000 -10 0.77
610 5 car -1 -1 -1 819.02 746.83 847.20 769.90 -1 -1 -1 -1000 -1000 -1000 -10 0.71
611 5 car -1 -1 -1 819.61 745.92 849.24 769.11 -1 -1 -1 -1000 -1000 -1000 -10 0.62
612 5 car -1 -1 -1 820.11 745.14 849.64 767.58 -1 -1 -1 -1000 -1000 -1000 -10 0.59
613 5 car -1 -1 -1 821.64 745.66 849.42 767.09 -1 -1 -1 -1000 -1000 -1000 -10 0.52
614 5 car -1 -1 -1 822.38 746.04 850.29 767.80 -1 -1 -1 -1000 -1000 -1000 -10 0.58
615 5 car -1 -1 -1 821.56 743.80 851.24 766.88 -1 -1 -1 -1000 -1000 -1000 -10 0.54
616 5 car -1 -1 -1 822.62 744.00 851.64 766.13 -1 -1 -1 -1000 -1000 -1000 -10 0.61
617 5 car -1 -1 -1 823.95 743.74 852.28 765.83 -1 -1 -1 -1000 -1000 -1000 -10 0.59
618 5 car -1 -1 -1 825.03 743.82 852.35 765.00 -1 -1 -1 -1000 -1000 -1000 -10 0.59
619 5 car -1 -1 -1 826.66 742.82 854.34 763.75 -1 -1 -1 -1000 -1000 -1000 -10 0.48
620 5 car -1 -1 -1 826.55 743.33 855.10 765.17 -1 -1 -1 -1000 -1000 -1000 -10 0.64
621 5 car -1 -1 -1 826.76 744.47 855.82 766.53 -1 -1 -1 -1000 -1000 -1000 -10 0.43
622 5 car -1 -1 -1 829.75 746.40 855.33 766.44 -1 -1 -1 -1000 -1000 -1000 -10 0.55
623 5 car -1 -1 -1 829.26 744.35 856.72 766.31 -1 -1 -1 -1000 -1000 -1000 -10 0.52
624 5 car -1 -1 -1 830.66 744.90 857.16 766.03 -1 -1 -1 -1000 -1000 -1000 -10 0.45
625 5 car -1 -1 -1 832.51 747.38 857.06 766.03 -1 -1 -1 -1000 -1000 -1000 -10 0.52
626 5 car -1 -1 -1 835.69 747.85 857.90 767.16 -1 -1 -1 -1000 -1000 -1000 -10 0.30
627 5 car -1 -1 -1 833.89 745.40 859.46 765.79 -1 -1 -1 -1000 -1000 -1000 -10 0.34
629 6 car -1 -1 -1 835.88 746.87 859.28 765.95 -1 -1 -1 -1000 -1000 -1000 -10 0.32
630 6 car -1 -1 -1 835.51 745.19 860.34 765.78 -1 -1 -1 -1000 -1000 -1000 -10 0.35
635 7 car -1 -1 -1 839.58 747.28 859.94 766.27 -1 -1 -1 -1000 -1000 -1000 -10 0.30
687 8 car -1 -1 -1 868.44 742.37 887.93 768.29 -1 -1 -1 -1000 -1000 -1000 -10 0.31
688 8 car -1 -1 -1 870.57 745.20 887.38 767.67 -1 -1 -1 -1000 -1000 -1000 -10 0.31
690 9 car -1 -1 -1 870.86 745.30 887.17 768.27 -1 -1 -1 -1000 -1000 -1000 -10 0.32
706 10 car -1 -1 -1 885.93 739.91 904.91 766.36 -1 -1 -1 -1000 -1000 -1000 -10 0.46
706 11 car -1 -1 -1 13.92 655.95 160.79 789.27 -1 -1 -1 -1000 -1000 -1000 -10 0.30
707 11 car -1 -1 -1 13.52 653.45 245.26 791.87 -1 -1 -1 -1000 -1000 -1000 -10 0.35
708 11 car -1 -1 -1 13.89 664.28 303.65 793.28 -1 -1 -1 -1000 -1000 -1000 -10 0.66
708 12 car -1 -1 -1 888.40 740.16 906.53 765.64 -1 -1 -1 -1000 -1000 -1000 -10 0.38
709 11 car -1 -1 -1 13.38 668.45 364.34 790.80 -1 -1 -1 -1000 -1000 -1000 -10 0.68
710 11 car -1 -1 -1 10.15 681.64 404.42 790.58 -1 -1 -1 -1000 -1000 -1000 -10 0.75
711 11 car -1 -1 -1 16.07 693.80 445.64 790.17 -1 -1 -1 -1000 -1000 -1000 -10 0.63
712 11 car -1 -1 -1 26.23 700.85 495.71 792.16 -1 -1 -1 -1000 -1000 -1000 -10 0.67
712 13 car -1 -1 -1 889.43 734.24 908.05 760.20 -1 -1 -1 -1000 -1000 -1000 -10 0.34
713 11 car -1 -1 -1 98.56 711.58 519.19 790.94 -1 -1 -1 -1000 -1000 -1000 -10 0.52
714 11 car -1 -1 -1 166.03 716.41 547.71 792.03 -1 -1 -1 -1000 -1000 -1000 -10 0.54
715 11 car -1 -1 -1 218.72 719.18 579.13 794.38 -1 -1 -1 -1000 -1000 -1000 -10 0.61
716 11 car -1 -1 -1 270.28 716.87 587.28 793.12 -1 -1 -1 -1000 -1000 -1000 -10 0.63
717 11 car -1 -1 -1 307.40 721.46 623.04 793.53 -1 -1 -1 -1000 -1000 -1000 -10 0.76
718 11 car -1 -1 -1 351.10 722.81 638.61 794.67 -1 -1 -1 -1000 -1000 -1000 -10 0.81
719 11 car -1 -1 -1 385.54 725.90 651.80 795.24 -1 -1 -1 -1000 -1000 -1000 -10 0.76
719 14 car -1 -1 -1 891.34 739.11 910.34 765.52 -1 -1 -1 -1000 -1000 -1000 -10 0.33
720 11 car -1 -1 -1 419.00 725.11 665.35 797.24 -1 -1 -1 -1000 -1000 -1000 -10 0.77
720 14 car -1 -1 -1 891.84 739.11 910.00 764.89 -1 -1 -1 -1000 -1000 -1000 -10 0.38
721 11 car -1 -1 -1 442.70 732.98 678.48 794.94 -1 -1 -1 -1000 -1000 -1000 -10 0.77
721 14 car -1 -1 -1 890.24 740.45 907.70 764.39 -1 -1 -1 -1000 -1000 -1000 -10 0.36
722 11 car -1 -1 -1 466.76 733.08 692.45 794.75 -1 -1 -1 -1000 -1000 -1000 -10 0.82
723 11 car -1 -1 -1 489.96 733.46 701.76 795.36 -1 -1 -1 -1000 -1000 -1000 -10 0.80
723 15 car -1 -1 -1 888.56 740.20 907.51 764.76 -1 -1 -1 -1000 -1000 -1000 -10 0.38
724 11 car -1 -1 -1 507.28 733.35 708.41 796.75 -1 -1 -1 -1000 -1000 -1000 -10 0.85
724 15 car -1 -1 -1 888.48 740.46 906.15 765.23 -1 -1 -1 -1000 -1000 -1000 -10 0.51
725 11 car -1 -1 -1 526.85 735.25 714.54 795.95 -1 -1 -1 -1000 -1000 -1000 -10 0.89
726 11 car -1 -1 -1 540.66 736.67 722.75 796.69 -1 -1 -1 -1000 -1000 -1000 -10 0.81
726 16 car -1 -1 -1 886.87 739.44 903.56 765.43 -1 -1 -1 -1000 -1000 -1000 -10 0.36
727 11 car -1 -1 -1 553.33 737.55 725.13 796.40 -1 -1 -1 -1000 -1000 -1000 -10 0.84
728 11 car -1 -1 -1 565.82 737.28 725.12 795.36 -1 -1 -1 -1000 -1000 -1000 -10 0.80
729 11 car -1 -1 -1 579.66 735.98 731.27 796.09 -1 -1 -1 -1000 -1000 -1000 -10 0.81
730 11 car -1 -1 -1 588.00 737.96 735.67 795.82 -1 -1 -1 -1000 -1000 -1000 -10 0.81
731 11 car -1 -1 -1 594.98 738.40 734.56 795.22 -1 -1 -1 -1000 -1000 -1000 -10 0.76
732 11 car -1 -1 -1 603.45 737.30 743.20 795.88 -1 -1 -1 -1000 -1000 -1000 -10 0.80
733 11 car -1 -1 -1 610.16 737.84 742.37 796.02 -1 -1 -1 -1000 -1000 -1000 -10 0.81
734 11 car -1 -1 -1 616.53 738.55 746.65 795.52 -1 -1 -1 -1000 -1000 -1000 -10 0.83
735 11 car -1 -1 -1 623.36 737.78 748.26 795.82 -1 -1 -1 -1000 -1000 -1000 -10 0.87
736 11 car -1 -1 -1 627.39 738.41 747.86 795.15 -1 -1 -1 -1000 -1000 -1000 -10 0.89
737 11 car -1 -1 -1 632.90 738.37 750.68 795.22 -1 -1 -1 -1000 -1000 -1000 -10 0.86
738 11 car -1 -1 -1 638.59 739.69 750.81 794.38 -1 -1 -1 -1000 -1000 -1000 -10 0.82
739 11 car -1 -1 -1 640.15 740.51 754.63 794.02 -1 -1 -1 -1000 -1000 -1000 -10 0.71
740 11 car -1 -1 -1 646.63 743.43 752.34 794.51 -1 -1 -1 -1000 -1000 -1000 -10 0.86
740 17 car -1 -1 -1 875.33 739.11 892.29 764.95 -1 -1 -1 -1000 -1000 -1000 -10 0.30
741 11 car -1 -1 -1 652.18 744.57 754.03 795.02 -1 -1 -1 -1000 -1000 -1000 -10 0.76
742 11 car -1 -1 -1 654.42 745.24 754.39 794.52 -1 -1 -1 -1000 -1000 -1000 -10 0.87
743 11 car -1 -1 -1 657.27 745.35 755.99 793.98 -1 -1 -1 -1000 -1000 -1000 -10 0.81
744 11 car -1 -1 -1 661.47 745.05 757.30 793.79 -1 -1 -1 -1000 -1000 -1000 -10 0.82
745 11 car -1 -1 -1 663.28 743.94 759.03 794.17 -1 -1 -1 -1000 -1000 -1000 -10 0.86
746 11 car -1 -1 -1 666.23 744.16 759.32 793.26 -1 -1 -1 -1000 -1000 -1000 -10 0.75
747 11 car -1 -1 -1 672.22 742.81 760.59 793.78 -1 -1 -1 -1000 -1000 -1000 -10 0.76
748 11 car -1 -1 -1 674.20 740.94 762.22 793.64 -1 -1 -1 -1000 -1000 -1000 -10 0.78
749 11 car -1 -1 -1 678.87 743.20 763.07 793.81 -1 -1 -1 -1000 -1000 -1000 -10 0.70
750 11 car -1 -1 -1 680.07 743.34 764.85 793.41 -1 -1 -1 -1000 -1000 -1000 -10 0.75
751 11 car -1 -1 -1 681.51 742.14 767.66 794.32 -1 -1 -1 -1000 -1000 -1000 -10 0.71
752 11 car -1 -1 -1 684.05 741.61 770.63 793.16 -1 -1 -1 -1000 -1000 -1000 -10 0.74
753 11 car -1 -1 -1 688.86 743.35 770.13 793.37 -1 -1 -1 -1000 -1000 -1000 -10 0.76
754 11 car -1 -1 -1 690.42 743.89 771.82 793.49 -1 -1 -1 -1000 -1000 -1000 -10 0.72
755 11 car -1 -1 -1 697.49 751.82 770.04 792.88 -1 -1 -1 -1000 -1000 -1000 -10 0.70
756 11 car -1 -1 -1 698.53 749.86 774.08 793.02 -1 -1 -1 -1000 -1000 -1000 -10 0.70
757 11 car -1 -1 -1 702.48 748.21 776.46 793.83 -1 -1 -1 -1000 -1000 -1000 -10 0.81
757 18 car -1 -1 -1 877.38 739.53 895.18 765.70 -1 -1 -1 -1000 -1000 -1000 -10 0.46
758 11 car -1 -1 -1 702.54 748.41 779.37 793.68 -1 -1 -1 -1000 -1000 -1000 -10 0.86
758 18 car -1 -1 -1 877.47 740.63 895.62 766.51 -1 -1 -1 -1000 -1000 -1000 -10 0.33
759 11 car -1 -1 -1 705.47 748.24 778.97 793.49 -1 -1 -1 -1000 -1000 -1000 -10 0.79
759 18 car -1 -1 -1 876.86 741.12 896.14 767.27 -1 -1 -1 -1000 -1000 -1000 -10 0.35
760 11 car -1 -1 -1 709.13 748.27 780.52 792.92 -1 -1 -1 -1000 -1000 -1000 -10 0.70
761 11 car -1 -1 -1 710.66 748.24 784.42 793.14 -1 -1 -1 -1000 -1000 -1000 -10 0.85
761 19 car -1 -1 -1 878.87 740.42 899.27 768.02 -1 -1 -1 -1000 -1000 -1000 -10 0.35
762 11 car -1 -1 -1 713.29 749.66 784.56 793.41 -1 -1 -1 -1000 -1000 -1000 -10 0.76
762 19 car -1 -1 -1 879.48 740.14 898.95 767.97 -1 -1 -1 -1000 -1000 -1000 -10 0.41
763 11 car -1 -1 -1 717.29 748.57 786.32 792.29 -1 -1 -1 -1000 -1000 -1000 -10 0.84
763 19 car -1 -1 -1 879.60 739.82 899.35 768.07 -1 -1 -1 -1000 -1000 -1000 -10 0.49
764 11 car -1 -1 -1 718.70 748.98 789.15 793.23 -1 -1 -1 -1000 -1000 -1000 -10 0.84
764 19 car -1 -1 -1 880.25 740.25 899.00 767.40 -1 -1 -1 -1000 -1000 -1000 -10 0.39
765 11 car -1 -1 -1 723.37 749.33 789.89 792.39 -1 -1 -1 -1000 -1000 -1000 -10 0.69
765 19 car -1 -1 -1 880.82 739.81 899.46 768.42 -1 -1 -1 -1000 -1000 -1000 -10 0.37
766 11 car -1 -1 -1 724.47 747.88 791.92 792.82 -1 -1 -1 -1000 -1000 -1000 -10 0.85
766 19 car -1 -1 -1 881.25 739.68 899.06 768.41 -1 -1 -1 -1000 -1000 -1000 -10 0.39
767 11 car -1 -1 -1 726.80 747.29 794.17 792.87 -1 -1 -1 -1000 -1000 -1000 -10 0.85
767 19 car -1 -1 -1 882.09 738.57 898.94 765.68 -1 -1 -1 -1000 -1000 -1000 -10 0.47
768 11 car -1 -1 -1 730.98 748.01 795.37 792.31 -1 -1 -1 -1000 -1000 -1000 -10 0.83
768 19 car -1 -1 -1 882.27 738.33 899.86 766.32 -1 -1 -1 -1000 -1000 -1000 -10 0.64
769 11 car -1 -1 -1 732.73 748.12 798.83 792.68 -1 -1 -1 -1000 -1000 -1000 -10 0.86
769 19 car -1 -1 -1 882.31 738.70 900.16 767.28 -1 -1 -1 -1000 -1000 -1000 -10 0.48
770 11 car -1 -1 -1 735.17 748.19 799.83 792.99 -1 -1 -1 -1000 -1000 -1000 -10 0.70
770 19 car -1 -1 -1 882.91 738.50 900.73 766.55 -1 -1 -1 -1000 -1000 -1000 -10 0.62
771 11 car -1 -1 -1 738.11 749.57 800.51 793.01 -1 -1 -1 -1000 -1000 -1000 -10 0.86
771 19 car -1 -1 -1 883.00 739.55 900.66 766.65 -1 -1 -1 -1000 -1000 -1000 -10 0.69
772 11 car -1 -1 -1 739.20 750.47 801.95 793.23 -1 -1 -1 -1000 -1000 -1000 -10 0.89
772 19 car -1 -1 -1 883.11 740.35 900.74 767.86 -1 -1 -1 -1000 -1000 -1000 -10 0.66
773 11 car -1 -1 -1 743.24 753.74 802.31 793.34 -1 -1 -1 -1000 -1000 -1000 -10 0.57
773 19 car -1 -1 -1 883.15 743.32 900.43 769.67 -1 -1 -1 -1000 -1000 -1000 -10 0.51
774 11 car -1 -1 -1 744.20 752.76 804.96 793.73 -1 -1 -1 -1000 -1000 -1000 -10 0.62
774 19 car -1 -1 -1 882.40 740.56 900.98 770.35 -1 -1 -1 -1000 -1000 -1000 -10 0.40
775 11 car -1 -1 -1 745.24 751.96 805.52 793.30 -1 -1 -1 -1000 -1000 -1000 -10 0.83
775 19 car -1 -1 -1 882.28 740.63 900.97 769.82 -1 -1 -1 -1000 -1000 -1000 -10 0.58
776 11 car -1 -1 -1 746.78 751.21 805.77 792.53 -1 -1 -1 -1000 -1000 -1000 -10 0.88
776 19 car -1 -1 -1 881.53 739.55 900.37 767.93 -1 -1 -1 -1000 -1000 -1000 -10 0.78
777 11 car -1 -1 -1 748.78 751.00 807.37 792.63 -1 -1 -1 -1000 -1000 -1000 -10 0.88
777 19 car -1 -1 -1 880.66 739.25 899.46 768.03 -1 -1 -1 -1000 -1000 -1000 -10 0.72
778 11 car -1 -1 -1 749.76 750.21 808.47 792.29 -1 -1 -1 -1000 -1000 -1000 -10 0.82
778 19 car -1 -1 -1 880.60 738.26 899.56 767.58 -1 -1 -1 -1000 -1000 -1000 -10 0.61
779 19 car -1 -1 -1 880.41 738.19 899.30 767.29 -1 -1 -1 -1000 -1000 -1000 -10 0.72
779 11 car -1 -1 -1 752.36 750.74 808.82 792.12 -1 -1 -1 -1000 -1000 -1000 -10 0.72
780 11 car -1 -1 -1 753.44 749.36 810.09 791.57 -1 -1 -1 -1000 -1000 -1000 -10 0.89
780 19 car -1 -1 -1 879.49 736.35 899.30 766.04 -1 -1 -1 -1000 -1000 -1000 -10 0.73
781 11 car -1 -1 -1 753.65 746.36 811.61 788.25 -1 -1 -1 -1000 -1000 -1000 -10 0.82
781 19 car -1 -1 -1 879.63 733.41 899.65 763.08 -1 -1 -1 -1000 -1000 -1000 -10 0.73
782 11 car -1 -1 -1 755.81 743.93 812.40 784.99 -1 -1 -1 -1000 -1000 -1000 -10 0.88
782 19 car -1 -1 -1 879.68 732.54 899.31 761.27 -1 -1 -1 -1000 -1000 -1000 -10 0.75
783 11 car -1 -1 -1 756.37 742.77 813.81 784.66 -1 -1 -1 -1000 -1000 -1000 -10 0.85
783 19 car -1 -1 -1 879.01 732.45 898.49 761.02 -1 -1 -1 -1000 -1000 -1000 -10 0.67
784 19 car -1 -1 -1 878.09 731.20 899.27 760.83 -1 -1 -1 -1000 -1000 -1000 -10 0.70
784 11 car -1 -1 -1 757.61 742.09 814.13 783.67 -1 -1 -1 -1000 -1000 -1000 -10 0.68
785 11 car -1 -1 -1 758.97 742.60 814.57 784.07 -1 -1 -1 -1000 -1000 -1000 -10 0.82
785 19 car -1 -1 -1 877.71 732.37 896.90 761.49 -1 -1 -1 -1000 -1000 -1000 -10 0.52
786 11 car -1 -1 -1 760.31 744.10 814.04 785.04 -1 -1 -1 -1000 -1000 -1000 -10 0.86
786 19 car -1 -1 -1 877.02 732.65 896.79 762.51 -1 -1 -1 -1000 -1000 -1000 -10 0.64
787 11 car -1 -1 -1 761.49 744.20 814.26 784.95 -1 -1 -1 -1000 -1000 -1000 -10 0.90
787 19 car -1 -1 -1 876.80 731.81 896.46 762.44 -1 -1 -1 -1000 -1000 -1000 -10 0.71
788 11 car -1 -1 -1 762.39 746.64 816.60 787.41 -1 -1 -1 -1000 -1000 -1000 -10 0.85
788 19 car -1 -1 -1 876.07 735.71 896.90 765.09 -1 -1 -1 -1000 -1000 -1000 -10 0.53
789 11 car -1 -1 -1 762.23 746.94 816.55 787.39 -1 -1 -1 -1000 -1000 -1000 -10 0.83
789 19 car -1 -1 -1 875.64 733.58 896.61 765.57 -1 -1 -1 -1000 -1000 -1000 -10 0.47
790 11 car -1 -1 -1 762.82 744.94 815.88 785.33 -1 -1 -1 -1000 -1000 -1000 -10 0.90
790 19 car -1 -1 -1 875.28 732.17 895.30 763.11 -1 -1 -1 -1000 -1000 -1000 -10 0.79
791 11 car -1 -1 -1 763.53 745.46 815.99 785.12 -1 -1 -1 -1000 -1000 -1000 -10 0.90
791 19 car -1 -1 -1 875.10 732.10 895.21 763.27 -1 -1 -1 -1000 -1000 -1000 -10 0.80
792 11 car -1 -1 -1 763.25 747.07 816.10 786.30 -1 -1 -1 -1000 -1000 -1000 -10 0.84
792 19 car -1 -1 -1 875.02 733.38 894.63 764.25 -1 -1 -1 -1000 -1000 -1000 -10 0.76
793 19 car -1 -1 -1 874.46 733.40 895.09 764.66 -1 -1 -1 -1000 -1000 -1000 -10 0.79
793 11 car -1 -1 -1 763.99 747.41 816.77 786.98 -1 -1 -1 -1000 -1000 -1000 -10 0.78
794 19 car -1 -1 -1 874.17 733.50 894.99 764.99 -1 -1 -1 -1000 -1000 -1000 -10 0.72
794 11 car -1 -1 -1 764.44 748.05 817.14 787.21 -1 -1 -1 -1000 -1000 -1000 -10 0.56
795 11 car -1 -1 -1 765.48 751.59 815.60 789.40 -1 -1 -1 -1000 -1000 -1000 -10 0.86
795 19 car -1 -1 -1 874.04 737.42 894.96 767.30 -1 -1 -1 -1000 -1000 -1000 -10 0.86
796 19 car -1 -1 -1 873.51 737.70 894.63 768.23 -1 -1 -1 -1000 -1000 -1000 -10 0.84
796 11 car -1 -1 -1 765.80 752.24 816.38 791.25 -1 -1 -1 -1000 -1000 -1000 -10 0.78
797 19 car -1 -1 -1 872.91 736.97 895.23 767.85 -1 -1 -1 -1000 -1000 -1000 -10 0.85
797 11 car -1 -1 -1 766.19 750.95 817.00 790.41 -1 -1 -1 -1000 -1000 -1000 -10 0.72
798 19 car -1 -1 -1 872.86 733.47 894.67 764.88 -1 -1 -1 -1000 -1000 -1000 -10 0.75
798 11 car -1 -1 -1 767.97 749.81 816.95 787.48 -1 -1 -1 -1000 -1000 -1000 -10 0.67
799 19 car -1 -1 -1 872.75 733.35 894.53 764.98 -1 -1 -1 -1000 -1000 -1000 -10 0.75
799 11 car -1 -1 -1 768.88 750.15 816.79 786.96 -1 -1 -1 -1000 -1000 -1000 -10 0.71
800 11 car -1 -1 -1 769.48 750.96 817.19 787.76 -1 -1 -1 -1000 -1000 -1000 -10 0.83
800 19 car -1 -1 -1 872.36 734.88 895.11 765.61 -1 -1 -1 -1000 -1000 -1000 -10 0.57
801 11 car -1 -1 -1 768.93 747.34 816.86 784.22 -1 -1 -1 -1000 -1000 -1000 -10 0.80
801 19 car -1 -1 -1 873.05 732.05 893.56 762.10 -1 -1 -1 -1000 -1000 -1000 -10 0.73
802 19 car -1 -1 -1 871.91 727.05 894.77 759.28 -1 -1 -1 -1000 -1000 -1000 -10 0.76
802 11 car -1 -1 -1 769.51 744.31 816.98 780.22 -1 -1 -1 -1000 -1000 -1000 -10 0.63
803 11 car -1 -1 -1 770.18 745.46 816.45 781.37 -1 -1 -1 -1000 -1000 -1000 -10 0.84
803 19 car -1 -1 -1 872.22 729.52 894.39 759.78 -1 -1 -1 -1000 -1000 -1000 -10 0.66
804 11 car -1 -1 -1 769.19 746.06 816.96 782.66 -1 -1 -1 -1000 -1000 -1000 -10 0.85
804 19 car -1 -1 -1 872.04 730.42 894.38 761.70 -1 -1 -1 -1000 -1000 -1000 -10 0.76
805 11 car -1 -1 -1 769.97 745.00 817.08 780.56 -1 -1 -1 -1000 -1000 -1000 -10 0.79
805 19 car -1 -1 -1 871.05 728.16 894.69 760.25 -1 -1 -1 -1000 -1000 -1000 -10 0.54
806 11 car -1 -1 -1 769.60 745.06 817.00 781.32 -1 -1 -1 -1000 -1000 -1000 -10 0.84
806 19 car -1 -1 -1 871.08 728.86 894.08 760.46 -1 -1 -1 -1000 -1000 -1000 -10 0.62
807 11 car -1 -1 -1 769.69 744.96 816.63 780.52 -1 -1 -1 -1000 -1000 -1000 -10 0.80
807 19 car -1 -1 -1 870.73 728.42 894.39 761.78 -1 -1 -1 -1000 -1000 -1000 -10 0.62
808 11 car -1 -1 -1 769.90 744.56 816.80 780.28 -1 -1 -1 -1000 -1000 -1000 -10 0.70
808 19 car -1 -1 -1 870.70 727.96 894.14 760.48 -1 -1 -1 -1000 -1000 -1000 -10 0.56
809 11 car -1 -1 -1 770.12 745.58 816.44 781.25 -1 -1 -1 -1000 -1000 -1000 -10 0.83
809 19 car -1 -1 -1 870.91 730.06 894.09 762.74 -1 -1 -1 -1000 -1000 -1000 -10 0.64
810 11 car -1 -1 -1 770.37 746.68 815.95 781.94 -1 -1 -1 -1000 -1000 -1000 -10 0.83
810 19 car -1 -1 -1 870.77 729.92 894.44 763.10 -1 -1 -1 -1000 -1000 -1000 -10 0.75
811 11 car -1 -1 -1 771.31 747.24 816.16 781.82 -1 -1 -1 -1000 -1000 -1000 -10 0.86
811 19 car -1 -1 -1 870.78 729.75 894.86 763.35 -1 -1 -1 -1000 -1000 -1000 -10 0.80
812 11 car -1 -1 -1 771.51 746.94 816.06 781.18 -1 -1 -1 -1000 -1000 -1000 -10 0.85
812 19 car -1 -1 -1 870.86 729.66 894.82 762.46 -1 -1 -1 -1000 -1000 -1000 -10 0.78
813 11 car -1 -1 -1 771.53 747.03 816.42 781.39 -1 -1 -1 -1000 -1000 -1000 -10 0.86
813 19 car -1 -1 -1 871.72 730.04 894.59 763.08 -1 -1 -1 -1000 -1000 -1000 -10 0.82
814 11 car -1 -1 -1 771.73 746.39 816.83 780.47 -1 -1 -1 -1000 -1000 -1000 -10 0.86
814 19 car -1 -1 -1 870.67 728.58 895.05 762.73 -1 -1 -1 -1000 -1000 -1000 -10 0.76
815 11 car -1 -1 -1 771.50 746.27 816.41 780.38 -1 -1 -1 -1000 -1000 -1000 -10 0.84
815 19 car -1 -1 -1 870.83 729.12 894.77 763.45 -1 -1 -1 -1000 -1000 -1000 -10 0.79
816 11 car -1 -1 -1 771.75 746.00 816.39 780.24 -1 -1 -1 -1000 -1000 -1000 -10 0.82
816 19 car -1 -1 -1 870.67 728.52 894.99 763.72 -1 -1 -1 -1000 -1000 -1000 -10 0.77
817 19 car -1 -1 -1 870.74 728.25 894.85 763.24 -1 -1 -1 -1000 -1000 -1000 -10 0.80
817 11 car -1 -1 -1 771.89 745.30 817.04 780.16 -1 -1 -1 -1000 -1000 -1000 -10 0.77
818 11 car -1 -1 -1 772.39 747.13 816.62 781.45 -1 -1 -1 -1000 -1000 -1000 -10 0.88
818 19 car -1 -1 -1 870.94 729.97 894.85 764.03 -1 -1 -1 -1000 -1000 -1000 -10 0.83
819 11 car -1 -1 -1 772.65 748.40 816.48 781.95 -1 -1 -1 -1000 -1000 -1000 -10 0.87
819 19 car -1 -1 -1 871.35 730.26 895.42 764.40 -1 -1 -1 -1000 -1000 -1000 -10 0.86
820 19 car -1 -1 -1 871.91 729.90 896.08 764.63 -1 -1 -1 -1000 -1000 -1000 -10 0.88
820 11 car -1 -1 -1 773.43 747.59 817.64 781.50 -1 -1 -1 -1000 -1000 -1000 -10 0.88
821 19 car -1 -1 -1 872.74 728.91 896.36 763.42 -1 -1 -1 -1000 -1000 -1000 -10 0.87
821 11 car -1 -1 -1 774.70 747.22 817.50 779.90 -1 -1 -1 -1000 -1000 -1000 -10 0.83
822 19 car -1 -1 -1 872.71 729.68 896.45 764.53 -1 -1 -1 -1000 -1000 -1000 -10 0.84
822 11 car -1 -1 -1 775.14 747.24 819.10 781.08 -1 -1 -1 -1000 -1000 -1000 -10 0.79
823 19 car -1 -1 -1 872.68 729.68 897.52 764.61 -1 -1 -1 -1000 -1000 -1000 -10 0.90
823 11 car -1 -1 -1 775.21 748.36 818.95 781.79 -1 -1 -1 -1000 -1000 -1000 -10 0.79
824 19 car -1 -1 -1 873.02 728.90 897.33 764.33 -1 -1 -1 -1000 -1000 -1000 -10 0.87
824 11 car -1 -1 -1 775.99 747.34 818.87 780.80 -1 -1 -1 -1000 -1000 -1000 -10 0.70
825 19 car -1 -1 -1 872.91 726.68 898.36 762.30 -1 -1 -1 -1000 -1000 -1000 -10 0.75
825 11 car -1 -1 -1 777.91 746.20 818.97 779.80 -1 -1 -1 -1000 -1000 -1000 -10 0.65
826 11 car -1 -1 -1 777.66 745.23 821.13 779.55 -1 -1 -1 -1000 -1000 -1000 -10 0.66
826 19 car -1 -1 -1 874.18 725.34 898.01 762.23 -1 -1 -1 -1000 -1000 -1000 -10 0.55
827 11 car -1 -1 -1 778.33 744.81 822.20 778.27 -1 -1 -1 -1000 -1000 -1000 -10 0.69
827 19 car -1 -1 -1 874.80 725.06 898.17 761.88 -1 -1 -1 -1000 -1000 -1000 -10 0.58
828 11 car -1 -1 -1 779.63 744.71 823.56 779.71 -1 -1 -1 -1000 -1000 -1000 -10 0.60
828 19 car -1 -1 -1 875.40 726.11 901.45 762.25 -1 -1 -1 -1000 -1000 -1000 -10 0.45
829 11 car -1 -1 -1 781.24 746.04 823.84 779.31 -1 -1 -1 -1000 -1000 -1000 -10 0.73
829 19 car -1 -1 -1 875.62 726.21 901.92 762.50 -1 -1 -1 -1000 -1000 -1000 -10 0.68
830 11 car -1 -1 -1 783.13 746.96 823.80 779.01 -1 -1 -1 -1000 -1000 -1000 -10 0.69
830 19 car -1 -1 -1 876.14 726.11 901.88 762.62 -1 -1 -1 -1000 -1000 -1000 -10 0.68
831 11 car -1 -1 -1 784.43 747.90 825.03 779.81 -1 -1 -1 -1000 -1000 -1000 -10 0.74
831 19 car -1 -1 -1 875.92 726.25 901.80 764.20 -1 -1 -1 -1000 -1000 -1000 -10 0.73
832 11 car -1 -1 -1 784.33 747.91 826.05 780.42 -1 -1 -1 -1000 -1000 -1000 -10 0.83
832 19 car -1 -1 -1 876.07 726.82 902.19 764.24 -1 -1 -1 -1000 -1000 -1000 -10 0.78
833 11 car -1 -1 -1 784.89 748.29 825.81 780.00 -1 -1 -1 -1000 -1000 -1000 -10 0.83
833 19 car -1 -1 -1 876.48 727.70 901.89 764.43 -1 -1 -1 -1000 -1000 -1000 -10 0.81
834 11 car -1 -1 -1 785.57 747.95 826.28 779.56 -1 -1 -1 -1000 -1000 -1000 -10 0.85
834 19 car -1 -1 -1 876.24 725.92 902.60 764.24 -1 -1 -1 -1000 -1000 -1000 -10 0.75
835 11 car -1 -1 -1 786.86 747.60 827.41 778.90 -1 -1 -1 -1000 -1000 -1000 -10 0.85
835 19 car -1 -1 -1 875.48 724.46 903.44 764.47 -1 -1 -1 -1000 -1000 -1000 -10 0.59
836 11 car -1 -1 -1 786.87 747.42 827.66 779.10 -1 -1 -1 -1000 -1000 -1000 -10 0.84
836 19 car -1 -1 -1 875.87 725.63 902.80 764.92 -1 -1 -1 -1000 -1000 -1000 -10 0.79
837 11 car -1 -1 -1 785.71 744.93 829.47 778.34 -1 -1 -1 -1000 -1000 -1000 -10 0.67
837 19 car -1 -1 -1 875.54 725.10 903.34 763.37 -1 -1 -1 -1000 -1000 -1000 -10 0.61
838 11 car -1 -1 -1 787.50 745.38 828.95 776.97 -1 -1 -1 -1000 -1000 -1000 -10 0.79
838 19 car -1 -1 -1 875.91 722.21 902.81 762.81 -1 -1 -1 -1000 -1000 -1000 -10 0.67
839 19 car -1 -1 -1 875.64 722.22 903.02 763.04 -1 -1 -1 -1000 -1000 -1000 -10 0.69
839 11 car -1 -1 -1 787.67 745.21 830.57 777.52 -1 -1 -1 -1000 -1000 -1000 -10 0.65
840 19 car -1 -1 -1 874.56 722.02 904.04 764.32 -1 -1 -1 -1000 -1000 -1000 -10 0.59
840 11 car -1 -1 -1 788.82 748.51 829.94 777.41 -1 -1 -1 -1000 -1000 -1000 -10 0.54
841 11 car -1 -1 -1 790.79 750.54 830.63 778.28 -1 -1 -1 -1000 -1000 -1000 -10 0.63
841 19 car -1 -1 -1 875.34 721.79 903.49 765.07 -1 -1 -1 -1000 -1000 -1000 -10 0.51
842 11 car -1 -1 -1 791.52 749.52 831.38 777.78 -1 -1 -1 -1000 -1000 -1000 -10 0.78
842 19 car -1 -1 -1 875.44 721.65 903.96 764.84 -1 -1 -1 -1000 -1000 -1000 -10 0.55
843 19 car -1 -1 -1 876.83 721.96 903.27 762.13 -1 -1 -1 -1000 -1000 -1000 -10 0.87
843 11 car -1 -1 -1 793.05 747.18 831.25 775.78 -1 -1 -1 -1000 -1000 -1000 -10 0.67
844 19 car -1 -1 -1 877.41 721.79 903.89 762.42 -1 -1 -1 -1000 -1000 -1000 -10 0.87
844 11 car -1 -1 -1 793.05 747.06 834.11 775.80 -1 -1 -1 -1000 -1000 -1000 -10 0.70
845 11 car -1 -1 -1 795.26 749.12 834.27 777.32 -1 -1 -1 -1000 -1000 -1000 -10 0.77
845 19 car -1 -1 -1 877.83 723.95 906.36 764.52 -1 -1 -1 -1000 -1000 -1000 -10 0.59
846 11 car -1 -1 -1 798.09 750.22 836.16 778.03 -1 -1 -1 -1000 -1000 -1000 -10 0.78
846 19 car -1 -1 -1 879.28 723.59 907.23 766.36 -1 -1 -1 -1000 -1000 -1000 -10 0.69
847 11 car -1 -1 -1 798.98 747.76 837.63 777.43 -1 -1 -1 -1000 -1000 -1000 -10 0.67
847 19 car -1 -1 -1 879.87 723.17 909.23 765.77 -1 -1 -1 -1000 -1000 -1000 -10 0.60
847 20 car -1 -1 -1 948.24 741.40 968.87 763.13 -1 -1 -1 -1000 -1000 -1000 -10 0.32
848 19 car -1 -1 -1 880.58 725.09 908.98 766.07 -1 -1 -1 -1000 -1000 -1000 -10 0.79
848 11 car -1 -1 -1 800.33 748.93 838.82 777.15 -1 -1 -1 -1000 -1000 -1000 -10 0.79
848 20 car -1 -1 -1 950.02 741.05 972.17 765.14 -1 -1 -1 -1000 -1000 -1000 -10 0.40
849 19 car -1 -1 -1 880.61 723.34 909.85 765.22 -1 -1 -1 -1000 -1000 -1000 -10 0.69
849 11 car -1 -1 -1 801.13 748.35 840.65 776.46 -1 -1 -1 -1000 -1000 -1000 -10 0.61
849 20 car -1 -1 -1 951.21 740.60 972.89 763.95 -1 -1 -1 -1000 -1000 -1000 -10 0.33
850 19 car -1 -1 -1 881.77 723.37 911.44 765.43 -1 -1 -1 -1000 -1000 -1000 -10 0.70
850 20 car -1 -1 -1 954.35 740.37 974.60 763.13 -1 -1 -1 -1000 -1000 -1000 -10 0.45
850 11 car -1 -1 -1 802.13 749.03 841.14 775.83 -1 -1 -1 -1000 -1000 -1000 -10 0.43
851 11 car -1 -1 -1 805.78 746.64 842.10 775.13 -1 -1 -1 -1000 -1000 -1000 -10 0.81
851 19 car -1 -1 -1 882.39 722.99 913.12 765.45 -1 -1 -1 -1000 -1000 -1000 -10 0.60
851 20 car -1 -1 -1 956.65 741.00 978.47 763.95 -1 -1 -1 -1000 -1000 -1000 -10 0.40
852 11 car -1 -1 -1 807.87 746.52 844.57 774.27 -1 -1 -1 -1000 -1000 -1000 -10 0.83
852 19 car -1 -1 -1 884.50 721.43 913.03 765.82 -1 -1 -1 -1000 -1000 -1000 -10 0.63
853 11 car -1 -1 -1 808.33 746.49 846.43 775.08 -1 -1 -1 -1000 -1000 -1000 -10 0.66
853 19 car -1 -1 -1 885.08 723.06 915.76 765.64 -1 -1 -1 -1000 -1000 -1000 -10 0.60
853 21 car -1 -1 -1 961.55 739.90 984.25 763.72 -1 -1 -1 -1000 -1000 -1000 -10 0.49
854 19 car -1 -1 -1 886.65 723.64 916.35 766.49 -1 -1 -1 -1000 -1000 -1000 -10 0.81
854 11 car -1 -1 -1 810.79 746.36 848.17 776.05 -1 -1 -1 -1000 -1000 -1000 -10 0.76
854 21 car -1 -1 -1 963.64 740.89 985.38 764.67 -1 -1 -1 -1000 -1000 -1000 -10 0.35
855 19 car -1 -1 -1 887.74 723.92 917.29 766.45 -1 -1 -1 -1000 -1000 -1000 -10 0.84
855 11 car -1 -1 -1 812.32 745.48 849.44 775.99 -1 -1 -1 -1000 -1000 -1000 -10 0.81
855 21 car -1 -1 -1 966.42 741.54 987.21 764.78 -1 -1 -1 -1000 -1000 -1000 -10 0.42
856 19 car -1 -1 -1 888.99 723.41 918.63 766.77 -1 -1 -1 -1000 -1000 -1000 -10 0.83
856 11 car -1 -1 -1 813.22 744.84 850.95 775.46 -1 -1 -1 -1000 -1000 -1000 -10 0.82
856 21 car -1 -1 -1 968.39 740.56 991.44 765.34 -1 -1 -1 -1000 -1000 -1000 -10 0.52
857 19 car -1 -1 -1 890.63 722.89 919.72 767.92 -1 -1 -1 -1000 -1000 -1000 -10 0.83
857 21 car -1 -1 -1 971.22 741.50 994.05 766.02 -1 -1 -1 -1000 -1000 -1000 -10 0.52
857 11 car -1 -1 -1 816.25 748.54 852.90 776.09 -1 -1 -1 -1000 -1000 -1000 -10 0.48
858 19 car -1 -1 -1 891.05 722.87 922.04 767.31 -1 -1 -1 -1000 -1000 -1000 -10 0.75
858 11 car -1 -1 -1 817.81 747.84 854.28 774.84 -1 -1 -1 -1000 -1000 -1000 -10 0.70
858 21 car -1 -1 -1 974.30 740.15 997.26 765.17 -1 -1 -1 -1000 -1000 -1000 -10 0.52
859 11 car -1 -1 -1 819.36 746.70 855.16 774.21 -1 -1 -1 -1000 -1000 -1000 -10 0.83
859 19 car -1 -1 -1 892.48 722.94 922.85 766.58 -1 -1 -1 -1000 -1000 -1000 -10 0.82
859 21 car -1 -1 -1 977.92 740.58 998.67 764.74 -1 -1 -1 -1000 -1000 -1000 -10 0.61
860 19 car -1 -1 -1 893.93 722.60 924.42 767.14 -1 -1 -1 -1000 -1000 -1000 -10 0.84
860 11 car -1 -1 -1 820.61 747.20 857.56 774.96 -1 -1 -1 -1000 -1000 -1000 -10 0.60
860 21 car -1 -1 -1 979.92 740.11 1003.42 765.22 -1 -1 -1 -1000 -1000 -1000 -10 0.53
861 19 car -1 -1 -1 894.56 721.73 926.49 769.33 -1 -1 -1 -1000 -1000 -1000 -10 0.89
861 11 car -1 -1 -1 822.85 749.63 859.84 776.27 -1 -1 -1 -1000 -1000 -1000 -10 0.75
861 21 car -1 -1 -1 982.33 740.10 1006.26 766.19 -1 -1 -1 -1000 -1000 -1000 -10 0.66
862 19 car -1 -1 -1 895.81 721.51 926.87 769.92 -1 -1 -1 -1000 -1000 -1000 -10 0.79
862 11 car -1 -1 -1 824.68 749.52 861.11 776.38 -1 -1 -1 -1000 -1000 -1000 -10 0.74
862 21 car -1 -1 -1 985.09 739.75 1010.23 766.52 -1 -1 -1 -1000 -1000 -1000 -10 0.70
863 19 car -1 -1 -1 896.62 722.89 929.02 769.47 -1 -1 -1 -1000 -1000 -1000 -10 0.84
863 11 car -1 -1 -1 826.67 749.53 863.16 776.47 -1 -1 -1 -1000 -1000 -1000 -10 0.75
863 21 car -1 -1 -1 987.87 739.75 1012.89 766.26 -1 -1 -1 -1000 -1000 -1000 -10 0.69
864 19 car -1 -1 -1 898.05 724.58 928.98 770.42 -1 -1 -1 -1000 -1000 -1000 -10 0.90
864 21 car -1 -1 -1 991.17 739.50 1016.79 767.92 -1 -1 -1 -1000 -1000 -1000 -10 0.74
864 11 car -1 -1 -1 828.65 751.03 864.30 778.12 -1 -1 -1 -1000 -1000 -1000 -10 0.71
865 19 car -1 -1 -1 899.89 724.97 930.38 772.13 -1 -1 -1 -1000 -1000 -1000 -10 0.91
865 11 car -1 -1 -1 830.87 752.74 865.34 778.92 -1 -1 -1 -1000 -1000 -1000 -10 0.84
865 21 car -1 -1 -1 995.94 740.62 1021.90 769.53 -1 -1 -1 -1000 -1000 -1000 -10 0.66
866 19 car -1 -1 -1 901.36 724.72 931.64 774.24 -1 -1 -1 -1000 -1000 -1000 -10 0.72
866 11 car -1 -1 -1 832.18 753.96 868.72 780.43 -1 -1 -1 -1000 -1000 -1000 -10 0.59
866 21 car -1 -1 -1 1000.52 741.47 1023.66 768.92 -1 -1 -1 -1000 -1000 -1000 -10 0.59
867 19 car -1 -1 -1 901.20 726.22 935.78 775.16 -1 -1 -1 -1000 -1000 -1000 -10 0.74
867 11 car -1 -1 -1 835.52 755.79 870.65 781.92 -1 -1 -1 -1000 -1000 -1000 -10 0.73
867 21 car -1 -1 -1 1004.39 743.83 1027.84 770.94 -1 -1 -1 -1000 -1000 -1000 -10 0.61
868 19 car -1 -1 -1 903.35 728.62 935.16 775.21 -1 -1 -1 -1000 -1000 -1000 -10 0.89
868 11 car -1 -1 -1 837.05 756.30 871.65 782.15 -1 -1 -1 -1000 -1000 -1000 -10 0.77
868 21 car -1 -1 -1 1008.85 743.71 1032.95 771.71 -1 -1 -1 -1000 -1000 -1000 -10 0.63
869 19 car -1 -1 -1 904.17 725.06 935.92 772.70 -1 -1 -1 -1000 -1000 -1000 -10 0.87
869 11 car -1 -1 -1 838.82 752.63 873.13 779.23 -1 -1 -1 -1000 -1000 -1000 -10 0.82
869 21 car -1 -1 -1 1010.14 740.38 1035.05 768.39 -1 -1 -1 -1000 -1000 -1000 -10 0.68
870 19 car -1 -1 -1 904.63 722.04 937.04 770.64 -1 -1 -1 -1000 -1000 -1000 -10 0.94
870 11 car -1 -1 -1 841.45 751.38 873.87 776.98 -1 -1 -1 -1000 -1000 -1000 -10 0.63
870 21 car -1 -1 -1 1014.70 738.63 1039.04 767.15 -1 -1 -1 -1000 -1000 -1000 -10 0.56
871 19 car -1 -1 -1 906.26 722.99 937.43 772.50 -1 -1 -1 -1000 -1000 -1000 -10 0.92
871 11 car -1 -1 -1 843.19 752.59 876.16 778.44 -1 -1 -1 -1000 -1000 -1000 -10 0.86
871 21 car -1 -1 -1 1015.06 737.77 1041.99 767.79 -1 -1 -1 -1000 -1000 -1000 -10 0.58
872 19 car -1 -1 -1 907.12 722.30 938.96 772.86 -1 -1 -1 -1000 -1000 -1000 -10 0.88
872 11 car -1 -1 -1 844.73 753.12 877.10 778.64 -1 -1 -1 -1000 -1000 -1000 -10 0.83
872 21 car -1 -1 -1 1020.99 738.69 1047.26 767.52 -1 -1 -1 -1000 -1000 -1000 -10 0.61
873 11 car -1 -1 -1 846.18 753.32 878.79 778.79 -1 -1 -1 -1000 -1000 -1000 -10 0.79
873 19 car -1 -1 -1 906.82 721.30 942.14 772.16 -1 -1 -1 -1000 -1000 -1000 -10 0.74
873 21 car -1 -1 -1 1028.04 739.45 1052.53 766.54 -1 -1 -1 -1000 -1000 -1000 -10 0.65
874 19 car -1 -1 -1 907.97 720.98 942.90 770.01 -1 -1 -1 -1000 -1000 -1000 -10 0.90
874 11 car -1 -1 -1 848.41 751.97 881.40 777.25 -1 -1 -1 -1000 -1000 -1000 -10 0.80
874 21 car -1 -1 -1 1032.91 737.16 1058.21 764.24 -1 -1 -1 -1000 -1000 -1000 -10 0.54
875 19 car -1 -1 -1 909.01 719.28 944.44 770.63 -1 -1 -1 -1000 -1000 -1000 -10 0.88
875 11 car -1 -1 -1 849.93 752.75 882.90 777.27 -1 -1 -1 -1000 -1000 -1000 -10 0.83
875 21 car -1 -1 -1 1038.71 737.40 1063.41 764.24 -1 -1 -1 -1000 -1000 -1000 -10 0.43
876 19 car -1 -1 -1 910.14 720.85 944.20 772.27 -1 -1 -1 -1000 -1000 -1000 -10 0.92
876 11 car -1 -1 -1 851.39 753.96 884.22 778.91 -1 -1 -1 -1000 -1000 -1000 -10 0.76
876 21 car -1 -1 -1 1042.67 737.98 1071.01 766.84 -1 -1 -1 -1000 -1000 -1000 -10 0.64
877 19 car -1 -1 -1 910.76 720.68 945.23 774.29 -1 -1 -1 -1000 -1000 -1000 -10 0.91
877 21 car -1 -1 -1 1046.75 739.07 1073.67 766.77 -1 -1 -1 -1000 -1000 -1000 -10 0.68
877 11 car -1 -1 -1 852.39 753.79 885.76 779.76 -1 -1 -1 -1000 -1000 -1000 -10 0.56
878 19 car -1 -1 -1 911.61 720.05 946.29 772.81 -1 -1 -1 -1000 -1000 -1000 -10 0.90
878 11 car -1 -1 -1 855.41 753.69 886.95 778.95 -1 -1 -1 -1000 -1000 -1000 -10 0.80
878 21 car -1 -1 -1 1051.48 738.26 1079.91 765.99 -1 -1 -1 -1000 -1000 -1000 -10 0.66
879 11 car -1 -1 -1 856.91 753.54 887.37 778.28 -1 -1 -1 -1000 -1000 -1000 -10 0.80
879 19 car -1 -1 -1 911.36 719.58 949.48 772.48 -1 -1 -1 -1000 -1000 -1000 -10 0.73
879 21 car -1 -1 -1 1057.31 738.04 1085.38 765.63 -1 -1 -1 -1000 -1000 -1000 -10 0.58
880 19 car -1 -1 -1 912.02 714.93 949.61 769.25 -1 -1 -1 -1000 -1000 -1000 -10 0.81
880 11 car -1 -1 -1 857.54 748.51 888.70 773.37 -1 -1 -1 -1000 -1000 -1000 -10 0.72
880 21 car -1 -1 -1 1063.06 732.69 1090.06 760.02 -1 -1 -1 -1000 -1000 -1000 -10 0.32
881 19 car -1 -1 -1 911.94 713.11 950.31 767.07 -1 -1 -1 -1000 -1000 -1000 -10 0.89
881 11 car -1 -1 -1 858.83 748.01 889.65 771.79 -1 -1 -1 -1000 -1000 -1000 -10 0.77
881 21 car -1 -1 -1 1067.43 726.69 1097.91 758.77 -1 -1 -1 -1000 -1000 -1000 -10 0.39
882 19 car -1 -1 -1 913.02 713.86 950.56 769.24 -1 -1 -1 -1000 -1000 -1000 -10 0.91
882 11 car -1 -1 -1 859.32 747.92 891.42 773.11 -1 -1 -1 -1000 -1000 -1000 -10 0.57
883 19 car -1 -1 -1 914.00 713.22 951.77 769.36 -1 -1 -1 -1000 -1000 -1000 -10 0.93
883 11 car -1 -1 -1 861.84 748.24 892.65 772.75 -1 -1 -1 -1000 -1000 -1000 -10 0.74
884 19 car -1 -1 -1 914.90 710.99 953.67 769.54 -1 -1 -1 -1000 -1000 -1000 -10 0.92
884 11 car -1 -1 -1 863.67 748.29 893.63 772.26 -1 -1 -1 -1000 -1000 -1000 -10 0.77
885 19 car -1 -1 -1 916.31 711.58 954.73 771.51 -1 -1 -1 -1000 -1000 -1000 -10 0.74
885 11 car -1 -1 -1 863.94 748.67 895.36 773.65 -1 -1 -1 -1000 -1000 -1000 -10 0.60
886 19 car -1 -1 -1 916.90 711.84 956.82 770.65 -1 -1 -1 -1000 -1000 -1000 -10 0.83
886 11 car -1 -1 -1 865.02 748.50 896.41 773.07 -1 -1 -1 -1000 -1000 -1000 -10 0.70
887 19 car -1 -1 -1 918.31 712.83 956.91 771.73 -1 -1 -1 -1000 -1000 -1000 -10 0.88
887 11 car -1 -1 -1 867.40 750.22 897.29 774.42 -1 -1 -1 -1000 -1000 -1000 -10 0.46
888 19 car -1 -1 -1 918.44 713.70 957.81 772.60 -1 -1 -1 -1000 -1000 -1000 -10 0.81
888 11 car -1 -1 -1 868.11 751.15 897.95 775.45 -1 -1 -1 -1000 -1000 -1000 -10 0.69
889 19 car -1 -1 -1 919.40 713.29 959.68 773.34 -1 -1 -1 -1000 -1000 -1000 -10 0.81
889 11 car -1 -1 -1 868.97 751.75 898.89 775.14 -1 -1 -1 -1000 -1000 -1000 -10 0.73
890 19 car -1 -1 -1 919.96 711.59 960.37 772.63 -1 -1 -1 -1000 -1000 -1000 -10 0.93
890 11 car -1 -1 -1 869.86 749.32 898.79 772.67 -1 -1 -1 -1000 -1000 -1000 -10 0.69
891 19 car -1 -1 -1 920.41 710.47 961.58 772.18 -1 -1 -1 -1000 -1000 -1000 -10 0.93
891 11 car -1 -1 -1 870.04 748.51 898.89 772.30 -1 -1 -1 -1000 -1000 -1000 -10 0.71
892 11 car -1 -1 -1 870.85 747.08 899.33 770.17 -1 -1 -1 -1000 -1000 -1000 -10 0.77
892 19 car -1 -1 -1 920.85 708.55 964.01 769.94 -1 -1 -1 -1000 -1000 -1000 -10 0.76
893 19 car -1 -1 -1 921.98 702.90 963.79 763.80 -1 -1 -1 -1000 -1000 -1000 -10 0.88
893 11 car -1 -1 -1 871.76 740.27 900.62 764.03 -1 -1 -1 -1000 -1000 -1000 -10 0.74
894 19 car -1 -1 -1 922.00 702.00 965.72 764.67 -1 -1 -1 -1000 -1000 -1000 -10 0.92
894 11 car -1 -1 -1 872.43 741.44 901.49 764.06 -1 -1 -1 -1000 -1000 -1000 -10 0.68
895 19 car -1 -1 -1 924.07 705.46 966.83 769.04 -1 -1 -1 -1000 -1000 -1000 -10 0.84
895 11 car -1 -1 -1 873.66 745.44 901.46 768.53 -1 -1 -1 -1000 -1000 -1000 -10 0.59
896 19 car -1 -1 -1 925.22 705.80 969.15 770.75 -1 -1 -1 -1000 -1000 -1000 -10 0.72
896 11 car -1 -1 -1 874.72 745.91 903.39 769.26 -1 -1 -1 -1000 -1000 -1000 -10 0.71
897 19 car -1 -1 -1 925.49 703.79 969.56 769.19 -1 -1 -1 -1000 -1000 -1000 -10 0.81
897 11 car -1 -1 -1 875.50 745.41 904.12 767.42 -1 -1 -1 -1000 -1000 -1000 -10 0.51
898 19 car -1 -1 -1 926.84 704.91 972.20 769.64 -1 -1 -1 -1000 -1000 -1000 -10 0.79
898 11 car -1 -1 -1 876.31 745.75 905.25 768.60 -1 -1 -1 -1000 -1000 -1000 -10 0.70
899 19 car -1 -1 -1 928.54 705.43 974.29 771.79 -1 -1 -1 -1000 -1000 -1000 -10 0.88
899 11 car -1 -1 -1 877.85 747.48 905.10 769.56 -1 -1 -1 -1000 -1000 -1000 -10 0.53
900 19 car -1 -1 -1 929.57 705.17 975.24 772.56 -1 -1 -1 -1000 -1000 -1000 -10 0.89
900 11 car -1 -1 -1 878.06 747.21 905.87 770.21 -1 -1 -1 -1000 -1000 -1000 -10 0.68
901 19 car -1 -1 -1 930.02 702.18 976.90 772.31 -1 -1 -1 -1000 -1000 -1000 -10 0.74
901 11 car -1 -1 -1 879.04 746.24 905.64 768.84 -1 -1 -1 -1000 -1000 -1000 -10 0.61
902 19 car -1 -1 -1 932.27 703.47 979.00 770.78 -1 -1 -1 -1000 -1000 -1000 -10 0.85
902 11 car -1 -1 -1 879.67 746.29 906.17 767.70 -1 -1 -1 -1000 -1000 -1000 -10 0.56
903 19 car -1 -1 -1 932.60 701.88 979.74 769.58 -1 -1 -1 -1000 -1000 -1000 -10 0.94
903 11 car -1 -1 -1 880.34 745.78 906.64 767.10 -1 -1 -1 -1000 -1000 -1000 -10 0.37
904 19 car -1 -1 -1 934.47 698.68 981.99 767.96 -1 -1 -1 -1000 -1000 -1000 -10 0.93
904 11 car -1 -1 -1 879.81 742.78 908.84 765.94 -1 -1 -1 -1000 -1000 -1000 -10 0.51
905 19 car -1 -1 -1 935.46 699.15 985.72 768.47 -1 -1 -1 -1000 -1000 -1000 -10 0.86
905 11 car -1 -1 -1 881.27 743.25 908.84 766.02 -1 -1 -1 -1000 -1000 -1000 -10 0.58
906 19 car -1 -1 -1 937.25 701.01 986.27 771.12 -1 -1 -1 -1000 -1000 -1000 -10 0.93
906 11 car -1 -1 -1 882.79 745.90 909.19 767.37 -1 -1 -1 -1000 -1000 -1000 -10 0.50
907 19 car -1 -1 -1 939.29 701.33 988.31 772.52 -1 -1 -1 -1000 -1000 -1000 -10 0.92
907 11 car -1 -1 -1 883.03 746.31 909.70 767.77 -1 -1 -1 -1000 -1000 -1000 -10 0.50
908 19 car -1 -1 -1 940.25 699.36 990.56 772.48 -1 -1 -1 -1000 -1000 -1000 -10 0.85
908 11 car -1 -1 -1 884.03 746.45 910.29 767.68 -1 -1 -1 -1000 -1000 -1000 -10 0.59
909 19 car -1 -1 -1 941.97 700.04 992.14 771.91 -1 -1 -1 -1000 -1000 -1000 -10 0.90
909 11 car -1 -1 -1 884.00 746.29 910.78 767.49 -1 -1 -1 -1000 -1000 -1000 -10 0.61
910 19 car -1 -1 -1 942.25 700.53 994.63 773.99 -1 -1 -1 -1000 -1000 -1000 -10 0.89
910 11 car -1 -1 -1 884.00 747.76 911.63 769.25 -1 -1 -1 -1000 -1000 -1000 -10 0.37
911 19 car -1 -1 -1 942.76 701.22 997.07 777.71 -1 -1 -1 -1000 -1000 -1000 -10 0.96
911 11 car -1 -1 -1 884.38 750.25 911.59 771.15 -1 -1 -1 -1000 -1000 -1000 -10 0.56
912 19 car -1 -1 -1 944.39 700.56 998.55 778.52 -1 -1 -1 -1000 -1000 -1000 -10 0.89
912 11 car -1 -1 -1 885.23 751.34 912.17 771.15 -1 -1 -1 -1000 -1000 -1000 -10 0.58
913 19 car -1 -1 -1 945.08 699.13 1001.18 775.27 -1 -1 -1 -1000 -1000 -1000 -10 0.84
913 11 car -1 -1 -1 885.53 749.50 912.04 769.18 -1 -1 -1 -1000 -1000 -1000 -10 0.47
914 19 car -1 -1 -1 946.49 697.31 1001.76 773.87 -1 -1 -1 -1000 -1000 -1000 -10 0.96
914 11 car -1 -1 -1 886.80 747.80 911.40 767.55 -1 -1 -1 -1000 -1000 -1000 -10 0.53
915 19 car -1 -1 -1 946.72 696.57 1003.13 775.26 -1 -1 -1 -1000 -1000 -1000 -10 0.96
915 11 car -1 -1 -1 885.83 748.82 911.12 768.31 -1 -1 -1 -1000 -1000 -1000 -10 0.37
916 19 car -1 -1 -1 947.55 693.65 1005.11 774.85 -1 -1 -1 -1000 -1000 -1000 -10 0.96
916 11 car -1 -1 -1 886.07 746.96 910.80 766.25 -1 -1 -1 -1000 -1000 -1000 -10 0.46
917 19 car -1 -1 -1 947.72 694.39 1007.29 776.60 -1 -1 -1 -1000 -1000 -1000 -10 0.85
917 11 car -1 -1 -1 885.44 748.46 910.90 768.43 -1 -1 -1 -1000 -1000 -1000 -10 0.39
918 19 car -1 -1 -1 948.15 694.06 1009.12 775.71 -1 -1 -1 -1000 -1000 -1000 -10 0.90
918 11 car -1 -1 -1 885.33 748.56 910.58 767.85 -1 -1 -1 -1000 -1000 -1000 -10 0.42
919 19 car -1 -1 -1 948.15 693.94 1009.69 775.67 -1 -1 -1 -1000 -1000 -1000 -10 0.94
919 11 car -1 -1 -1 884.95 748.63 910.03 767.74 -1 -1 -1 -1000 -1000 -1000 -10 0.38
920 19 car -1 -1 -1 947.90 693.45 1010.43 776.86 -1 -1 -1 -1000 -1000 -1000 -10 0.95
920 11 car -1 -1 -1 884.11 748.83 909.09 767.75 -1 -1 -1 -1000 -1000 -1000 -10 0.39
921 19 car -1 -1 -1 947.75 693.26 1011.34 777.35 -1 -1 -1 -1000 -1000 -1000 -10 0.96
921 11 car -1 -1 -1 882.14 749.52 908.13 768.91 -1 -1 -1 -1000 -1000 -1000 -10 0.32
922 19 car -1 -1 -1 947.29 692.64 1011.76 778.37 -1 -1 -1 -1000 -1000 -1000 -10 0.95
923 19 car -1 -1 -1 946.43 692.03 1012.96 779.39 -1 -1 -1 -1000 -1000 -1000 -10 0.96
923 22 car -1 -1 -1 879.70 749.22 905.34 768.85 -1 -1 -1 -1000 -1000 -1000 -10 0.32
924 19 car -1 -1 -1 945.33 690.04 1013.48 778.65 -1 -1 -1 -1000 -1000 -1000 -10 0.96
924 22 car -1 -1 -1 879.20 748.03 903.21 767.15 -1 -1 -1 -1000 -1000 -1000 -10 0.37
925 19 car -1 -1 -1 944.89 688.15 1014.19 778.16 -1 -1 -1 -1000 -1000 -1000 -10 0.95
925 22 car -1 -1 -1 877.74 746.56 902.34 766.25 -1 -1 -1 -1000 -1000 -1000 -10 0.45
926 19 car -1 -1 -1 944.22 687.09 1014.56 778.36 -1 -1 -1 -1000 -1000 -1000 -10 0.93
926 22 car -1 -1 -1 874.16 745.00 900.33 765.33 -1 -1 -1 -1000 -1000 -1000 -10 0.41
927 19 car -1 -1 -1 942.16 683.98 1015.92 778.69 -1 -1 -1 -1000 -1000 -1000 -10 0.82
927 22 car -1 -1 -1 873.32 744.96 898.04 765.08 -1 -1 -1 -1000 -1000 -1000 -10 0.59
928 19 car -1 -1 -1 942.21 683.65 1015.15 780.92 -1 -1 -1 -1000 -1000 -1000 -10 0.79
928 22 car -1 -1 -1 872.43 745.49 896.55 765.18 -1 -1 -1 -1000 -1000 -1000 -10 0.38
929 19 car -1 -1 -1 939.91 681.90 1017.84 780.40 -1 -1 -1 -1000 -1000 -1000 -10 0.83
929 22 car -1 -1 -1 869.76 745.26 895.34 765.24 -1 -1 -1 -1000 -1000 -1000 -10 0.32
930 19 car -1 -1 -1 938.38 680.84 1019.54 781.66 -1 -1 -1 -1000 -1000 -1000 -10 0.81
930 22 car -1 -1 -1 868.93 747.16 892.05 765.80 -1 -1 -1 -1000 -1000 -1000 -10 0.39
931 19 car -1 -1 -1 939.65 682.24 1018.12 783.70 -1 -1 -1 -1000 -1000 -1000 -10 0.92
931 22 car -1 -1 -1 867.34 749.10 891.59 767.56 -1 -1 -1 -1000 -1000 -1000 -10 0.30
932 19 car -1 -1 -1 939.04 682.35 1019.24 784.17 -1 -1 -1 -1000 -1000 -1000 -10 0.95
932 22 car -1 -1 -1 866.86 749.22 891.31 768.41 -1 -1 -1 -1000 -1000 -1000 -10 0.39
933 19 car -1 -1 -1 937.43 679.46 1022.69 783.19 -1 -1 -1 -1000 -1000 -1000 -10 0.92
933 22 car -1 -1 -1 866.30 747.37 890.21 766.95 -1 -1 -1 -1000 -1000 -1000 -10 0.46
934 19 car -1 -1 -1 938.91 679.52 1022.59 785.76 -1 -1 -1 -1000 -1000 -1000 -10 0.95
934 22 car -1 -1 -1 864.58 749.76 889.36 767.66 -1 -1 -1 -1000 -1000 -1000 -10 0.31
935 19 car -1 -1 -1 938.62 678.67 1023.86 786.64 -1 -1 -1 -1000 -1000 -1000 -10 0.96
935 22 car -1 -1 -1 864.16 749.39 888.79 768.09 -1 -1 -1 -1000 -1000 -1000 -10 0.35
936 19 car -1 -1 -1 935.83 675.50 1026.53 786.70 -1 -1 -1 -1000 -1000 -1000 -10 0.94
936 22 car -1 -1 -1 862.89 749.07 886.18 767.04 -1 -1 -1 -1000 -1000 -1000 -10 0.39
937 19 car -1 -1 -1 936.82 673.33 1027.38 785.94 -1 -1 -1 -1000 -1000 -1000 -10 0.97
938 19 car -1 -1 -1 937.43 669.90 1026.72 784.45 -1 -1 -1 -1000 -1000 -1000 -10 0.97
938 23 car -1 -1 -1 860.55 745.32 885.16 764.49 -1 -1 -1 -1000 -1000 -1000 -10 0.38
939 19 car -1 -1 -1 937.63 668.70 1027.56 785.95 -1 -1 -1 -1000 -1000 -1000 -10 0.95
939 23 car -1 -1 -1 860.55 745.03 884.50 764.84 -1 -1 -1 -1000 -1000 -1000 -10 0.38
940 19 car -1 -1 -1 937.48 669.50 1029.05 787.54 -1 -1 -1 -1000 -1000 -1000 -10 0.95
940 23 car -1 -1 -1 860.27 747.56 883.71 766.35 -1 -1 -1 -1000 -1000 -1000 -10 0.30
941 19 car -1 -1 -1 937.93 666.94 1033.00 787.84 -1 -1 -1 -1000 -1000 -1000 -10 0.96
941 23 car -1 -1 -1 859.60 745.56 882.50 765.26 -1 -1 -1 -1000 -1000 -1000 -10 0.35
942 19 car -1 -1 -1 938.07 666.21 1034.71 789.27 -1 -1 -1 -1000 -1000 -1000 -10 0.98
942 23 car -1 -1 -1 859.08 747.26 882.17 766.69 -1 -1 -1 -1000 -1000 -1000 -10 0.32
943 19 car -1 -1 -1 938.04 663.69 1037.76 790.11 -1 -1 -1 -1000 -1000 -1000 -10 0.97
944 19 car -1 -1 -1 936.54 660.16 1042.22 790.35 -1 -1 -1 -1000 -1000 -1000 -10 0.89
945 19 car -1 -1 -1 938.57 658.51 1044.58 790.04 -1 -1 -1 -1000 -1000 -1000 -10 0.97
946 19 car -1 -1 -1 939.47 655.03 1048.00 790.70 -1 -1 -1 -1000 -1000 -1000 -10 0.98
947 19 car -1 -1 -1 940.41 653.82 1049.49 790.68 -1 -1 -1 -1000 -1000 -1000 -10 0.97
948 19 car -1 -1 -1 942.26 653.53 1051.89 791.07 -1 -1 -1 -1000 -1000 -1000 -10 0.97
948 24 car -1 -1 -1 859.17 745.65 882.54 765.15 -1 -1 -1 -1000 -1000 -1000 -10 0.34
949 19 car -1 -1 -1 942.91 651.37 1057.04 792.03 -1 -1 -1 -1000 -1000 -1000 -10 0.98
950 19 car -1 -1 -1 942.18 647.02 1064.03 791.40 -1 -1 -1 -1000 -1000 -1000 -10 0.93
951 19 car -1 -1 -1 942.37 644.32 1067.78 793.39 -1 -1 -1 -1000 -1000 -1000 -10 0.97
951 25 car -1 -1 -1 860.63 744.88 883.64 764.72 -1 -1 -1 -1000 -1000 -1000 -10 0.32
952 19 car -1 -1 -1 944.84 642.52 1073.07 793.31 -1 -1 -1 -1000 -1000 -1000 -10 0.97
953 19 car -1 -1 -1 945.67 641.96 1075.97 793.86 -1 -1 -1 -1000 -1000 -1000 -10 0.99
954 19 car -1 -1 -1 948.70 640.15 1081.12 794.48 -1 -1 -1 -1000 -1000 -1000 -10 0.97
955 19 car -1 -1 -1 949.02 635.10 1087.26 794.47 -1 -1 -1 -1000 -1000 -1000 -10 0.96
956 19 car -1 -1 -1 949.31 630.51 1094.03 793.77 -1 -1 -1 -1000 -1000 -1000 -10 0.99
957 19 car -1 -1 -1 953.33 626.39 1100.37 794.36 -1 -1 -1 -1000 -1000 -1000 -10 0.98
958 19 car -1 -1 -1 955.04 626.13 1104.91 792.65 -1 -1 -1 -1000 -1000 -1000 -10 0.99
959 19 car -1 -1 -1 954.58 619.83 1114.98 794.57 -1 -1 -1 -1000 -1000 -1000 -10 0.98
960 19 car -1 -1 -1 958.56 613.12 1122.47 794.79 -1 -1 -1 -1000 -1000 -1000 -10 0.99
961 19 car -1 -1 -1 955.91 608.04 1129.48 794.83 -1 -1 -1 -1000 -1000 -1000 -10 0.95
962 19 car -1 -1 -1 959.14 605.37 1138.43 794.64 -1 -1 -1 -1000 -1000 -1000 -10 0.98
963 19 car -1 -1 -1 963.85 601.50 1144.86 792.95 -1 -1 -1 -1000 -1000 -1000 -10 0.98
964 19 car -1 -1 -1 964.79 595.39 1154.43 793.60 -1 -1 -1 -1000 -1000 -1000 -10 0.99
965 19 car -1 -1 -1 967.01 592.36 1164.40 792.76 -1 -1 -1 -1000 -1000 -1000 -10 0.99
966 19 car -1 -1 -1 966.71 584.46 1177.85 793.97 -1 -1 -1 -1000 -1000 -1000 -10 0.98
967 19 car -1 -1 -1 968.11 577.44 1189.34 794.51 -1 -1 -1 -1000 -1000 -1000 -10 0.99
968 19 car -1 -1 -1 972.74 571.77 1201.82 793.10 -1 -1 -1 -1000 -1000 -1000 -10 0.99
969 19 car -1 -1 -1 972.99 560.62 1219.69 793.33 -1 -1 -1 -1000 -1000 -1000 -10 0.98
970 19 car -1 -1 -1 978.66 550.85 1232.86 795.92 -1 -1 -1 -1000 -1000 -1000 -10 0.99
971 19 car -1 -1 -1 979.52 542.40 1248.23 794.40 -1 -1 -1 -1000 -1000 -1000 -10 0.99
972 19 car -1 -1 -1 982.99 530.83 1267.61 795.02 -1 -1 -1 -1000 -1000 -1000 -10 0.99
973 19 car -1 -1 -1 985.35 518.78 1289.91 796.68 -1 -1 -1 -1000 -1000 -1000 -10 0.99
974 19 car -1 -1 -1 991.72 509.37 1307.62 795.16 -1 -1 -1 -1000 -1000 -1000 -10 0.99
975 19 car -1 -1 -1 994.88 499.31 1328.59 794.45 -1 -1 -1 -1000 -1000 -1000 -10 0.99
976 19 car -1 -1 -1 998.28 488.50 1356.89 793.23 -1 -1 -1 -1000 -1000 -1000 -10 0.99
977 19 car -1 -1 -1 1007.46 469.19 1383.92 796.60 -1 -1 -1 -1000 -1000 -1000 -10 0.99
978 19 car -1 -1 -1 1007.82 452.11 1412.97 799.56 -1 -1 -1 -1000 -1000 -1000 -10 0.99
979 19 car -1 -1 -1 1015.83 431.55 1449.43 797.87 -1 -1 -1 -1000 -1000 -1000 -10 0.99
980 19 car -1 -1 -1 1020.26 409.80 1491.50 796.42 -1 -1 -1 -1000 -1000 -1000 -10 0.99
981 19 car -1 -1 -1 1027.09 385.91 1534.07 797.23 -1 -1 -1 -1000 -1000 -1000 -10 0.99
982 19 car -1 -1 -1 1032.29 359.49 1579.93 796.45 -1 -1 -1 -1000 -1000 -1000 -10 0.99
983 19 car -1 -1 -1 1043.57 328.47 1626.63 793.66 -1 -1 -1 -1000 -1000 -1000 -10 0.99
984 19 car -1 -1 -1 1057.17 292.03 1685.09 793.11 -1 -1 -1 -1000 -1000 -1000 -10 0.99
985 19 car -1 -1 -1 1060.67 250.11 1753.26 788.87 -1 -1 -1 -1000 -1000 -1000 -10 0.98
986 19 car -1 -1 -1 1064.29 226.28 1821.49 789.96 -1 -1 -1 -1000 -1000 -1000 -10 0.99
987 19 car -1 -1 -1 1075.06 227.32 1895.47 788.52 -1 -1 -1 -1000 -1000 -1000 -10 0.99
988 19 car -1 -1 -1 1086.92 227.44 1918.83 788.22 -1 -1 -1 -1000 -1000 -1000 -10 0.97
989 19 car -1 -1 -1 1093.28 230.54 1913.77 785.06 -1 -1 -1 -1000 -1000 -1000 -10 0.94
990 19 car -1 -1 -1 1108.71 234.48 1921.30 803.14 -1 -1 -1 -1000 -1000 -1000 -10 0.93
991 19 car -1 -1 -1 1119.25 225.54 1933.38 789.21 -1 -1 -1 -1000 -1000 -1000 -10 0.93
992 19 car -1 -1 -1 1133.58 225.94 1931.54 788.83 -1 -1 -1 -1000 -1000 -1000 -10 0.91
993 19 car -1 -1 -1 1134.23 231.44 1932.80 805.58 -1 -1 -1 -1000 -1000 -1000 -10 0.92
994 19 car -1 -1 -1 1156.97 227.57 1932.59 787.27 -1 -1 -1 -1000 -1000 -1000 -10 0.91
995 19 car -1 -1 -1 1167.40 229.70 1924.10 784.94 -1 -1 -1 -1000 -1000 -1000 -10 0.92
996 19 car -1 -1 -1 1187.49 229.56 1927.66 784.86 -1 -1 -1 -1000 -1000 -1000 -10 0.93
997 19 car -1 -1 -1 1213.80 225.58 1923.76 788.63 -1 -1 -1 -1000 -1000 -1000 -10 0.90
998 19 car -1 -1 -1 1236.95 224.80 1924.53 789.38 -1 -1 -1 -1000 -1000 -1000 -10 0.91
999 19 car -1 -1 -1 1254.35 224.74 1932.23 789.31 -1 -1 -1 -1000 -1000 -1000 -10 0.91
